1.859095349368280271e-07
-2.286963742407423120e-06
1.637029945495294819e-05
-8.922423704626255420e-05
4.688512878729365896e-04
2.307633996034695600e-03
-3.732414075032098461e-04
9.361978959218815455e-05
-1.487885384349109819e-05
2.232392345753665859e-06
-2.580645316241190904e-06
1.781602832542049375e-05
-1.098059740948370555e-04
5.538032037463412605e-04
-2.632264272878187539e-03
-1.195650719284874208e-02
1.983355410407665331e-03
-5.147947032112746429e-04
8.743672457740977143e-05
-1.456725768182035095e-05
2.086458361045748222e-05
-1.252294511727048039e-04
6.971224547189062981e-04
-3.334307423620203048e-03
1.456967805129577576e-02
5.068258396408853450e-02
-8.464020628473928332e-03
2.388540674523362273e-03
-4.265045809929424170e-04
7.477733556163451527e-05
-1.416751784468180467e-04
7.887246740735896766e-04
-4.143508113141389226e-03
1.906157555114945668e-02
-7.738997295623284423e-02
-1.901285317199541414e-01
3.110577806091952002e-02
-1.011621407062415767e-02
1.875946783104119608e-03
-3.408839760853320765e-04
9.272793924317013214e-04
-5.091874098158866158e-03
2.659659488244781045e-02
-1.247192950974076453e-01
5.147030892953079473e-01
6.245808913700781062e-01
-9.233657342463397200e-02
4.155315056010377983e-02
-8.165132022349259888e-03
1.548770846871166604e-03
9.979225591723178690e-04
-5.500399289973229022e-03
2.883456610732365588e-02
-1.352946615025358845e-01
5.761653091080187750e-01
7.084614470784220686e-01
-3.448698484580323687e-01
-7.626836761455302316e-02
1.841638376189819182e-02
-3.918024050799343017e-03
-1.257482078655131758e-04
7.194143481501144577e-04
-3.873831401287997078e-03
1.799151722627018168e-02
-7.786832657900832899e-02
-3.396167388802822096e-01
7.592753020672020625e-01
5.793021106719322688e-01
-1.399034099368674511e-01
2.918831488575751587e-02
4.713751779903069608e-05
-2.772145330345264762e-04
1.542567745352082034e-03
-7.961596042763585679e-03
4.127436597355332859e-02
-8.943343042931295450e-02
6.083590612307263612e-01
4.392498126749782017e-01
-1.042863087428513857e-01
2.127429345700837526e-02
-9.420907686066311683e-06
5.838380080013287014e-05
-3.399835296544681529e-04
1.834134928432654826e-03
-1.004724325844286170e-02
3.044646057156052965e-02
-1.866127775391592802e-01
-6.544372553762967115e-02
1.556669786508213527e-02
-3.241514713939380732e-03
1.819901449557622753e-06
-1.212445638016303889e-05
7.274182099902275385e-05
-4.045908859457219772e-04
2.282969461112949183e-03
-7.954397818054098623e-03
4.752859015673505105e-02
1.184345622777538409e-02
-2.573235167750528851e-03
5.158268043922928370e-04
