1.980364682379097348e-07
-2.521344285257487352e-06
1.984236051708618623e-05
-1.344857259524129267e-04
8.465065129847487713e-04
1.066971544428139615e-03
-9.217721646368002425e-05
3.851393154162064455e-05
-3.687865834190375979e-06
1.796966260217784786e-07
-2.236843735571667890e-06
1.702854443252010356e-05
-1.181378652499558146e-04
7.445518558701659517e-04
-4.641186764931110043e-03
-5.883117437105164771e-03
5.382216298681422040e-04
-2.286565775286007220e-04
2.834702998387450545e-05
-3.437520804296120380e-06
1.551572886516008366e-05
-1.032788188853883682e-04
6.520193325532420980e-04
-3.884581077975901575e-03
2.416999630494032214e-02
3.075828528114615823e-02
-2.920091090389709265e-03
1.277381498473209934e-03
-1.895513551017974016e-04
2.888796085175233952e-05
-8.325368038998061382e-05
5.157888036522832731e-04
-3.102378440042435903e-03
1.780431252727898706e-02
-1.131146622734404694e-01
-1.422017407582565340e-01
1.292749240161633617e-02
-6.506898120403885322e-03
1.088064621229628201e-03
-1.864257834650363821e-04
4.372932197299513046e-04
-2.458070103720816357e-03
1.363060581473118926e-02
-7.270000606100657237e-02
4.684992983509950193e-01
5.869285303696809564e-01
-5.411904632936703763e-02
3.365120576412269915e-02
-6.466253319649388487e-03
1.233695109264179232e-03
2.224910363499400801e-03
-1.147450440679190220e-02
4.883848585018529809e-02
-1.852918333993609501e-01
5.998265737225416672e-01
7.411127728546835769e-01
-3.929637557998861830e-01
-5.579410959151243077e-02
1.308020953801963815e-02
-2.874262244104079655e-03
-3.991115760870961662e-04
2.088205558492352287e-03
-8.919831768397473715e-03
3.308657912403362156e-02
-9.739442730412850580e-02
-3.105902548622301307e-01
7.373852459446395002e-01
5.917839266933153652e-01
-1.417995032477468165e-01
2.969143203435081757e-02
9.808376456232854390e-05
-5.334532681221517900e-04
2.472921864667750914e-03
-1.051050959589781494e-02
4.294335546622812805e-02
-9.778314259123965790e-02
5.959506824904883260e-01
4.753711704229548474e-01
-1.144897606314692062e-01
2.372132038312302349e-02
-1.944199463323958651e-05
1.098910112453981491e-04
-5.334665936233963339e-04
2.381956197408847259e-03
-1.042588835218252741e-02
3.273337615297533532e-02
-1.822831584205641953e-01
-7.453088143538355581e-02
1.818055008021157715e-02
-3.847384850833246439e-03
3.640159006719667197e-06
-2.175235954772677396e-05
1.100184822337804983e-04
-5.122680204533579425e-04
2.348814788094455430e-03
-8.401656522596917531e-03
4.576699001970552239e-02
1.362079432518914501e-02
-3.109299869788140214e-03
6.386754481252816806e-04
