4.126320851721709815e-05
-1.017000297705017431e-04
1.763712881943657607e-04
-2.658640065162920507e-04
3.677899538327977780e-04
-4.680698283525686065e-04
5.114373761836432664e-04
-3.251477261105861771e-04
-4.599258666918570881e-04
2.282707531371386267e-03
-4.333450887806122864e-03
3.979642390348203662e-03
-2.791720347257609092e-03
4.748651275747306499e-03
-5.307266487049489001e-03
3.233358246259143698e-03
-1.704664542620193401e-03
8.448113304311277716e-04
-4.076073367125232494e-04
1.849253753536395095e-04
-6.726151918678979769e-05
1.223986030329804464e-05
7.673905892846555332e-06
-1.178393429041024731e-05
1.030940257740198263e-05
-7.397254872310021767e-06
4.433550297416877228e-06
-1.834923391775405976e-06
-1.017815988086923085e-04
2.502703093303360049e-04
-4.322945693999713512e-04
6.476791201945886201e-04
-8.882308715172371194e-04
1.116392888352635282e-03
-1.191124076608929272e-03
6.754059310924986903e-04
1.358727594173547715e-03
-6.002305045228695235e-03
1.116025184660429659e-02
-1.007217191848042148e-02
7.028785043594609760e-03
-1.223189168759830636e-02
1.384239833106448714e-02
-8.563759858468245056e-03
4.589760517539787088e-03
-2.318966044757786449e-03
1.145937379725125993e-03
-5.386817701413804116e-04
2.124430347150152443e-04
-5.540446457397152358e-05
-5.553147482961762194e-06
2.204849319942248087e-05
-2.180295008757937580e-05
1.643195778955330866e-05
-1.009959558068151964e-05
4.235335140073681615e-06
1.767223473836398995e-04
-4.328039674614814203e-04
7.424193978380344561e-04
-1.100342206621363061e-03
1.485230535500647875e-03
-1.822702759916694504e-03
1.851368059764268992e-03
-7.724124782271246659e-04
-3.094564011862033226e-03
1.169062539611331886e-02
-2.104611311224857673e-02
1.848005398716168202e-02
-1.278242234144499889e-02
2.306091520735265021e-02
-2.659516392796490436e-02
1.683371548244849691e-02
-9.241173832094773388e-03
4.799808705406860554e-03
-2.451730882526703681e-03
1.207477888108599018e-03
-5.233781624660593934e-04
1.809289177936435067e-04
-3.607701193741874590e-05
-1.376676312814240077e-05
2.484843693140170728e-05
-2.182209136913915160e-05
1.434562985414000735e-05
-6.215675566800804575e-06
-2.669059961615261045e-04
6.496861207967441487e-04
-1.102471062287335712e-03
1.605761259288129850e-03
-2.110262539879670385e-03
2.480706913075891862e-03
-2.277814359601393335e-03
1.815368557025465179e-04
6.554222528649233936e-03
-2.102786430438641219e-02
3.635476654187641543e-02
-3.080223536227322256e-02
2.107102898533241842e-02
-3.984818931022005017e-02
4.705103847948066687e-02
-3.061166750143229365e-02
1.728307629190339867e-02
-9.263276510623086324e-03
4.906573490096377554e-03
-2.535487956322413083e-03
1.197812944841558647e-03
-4.994977729406713252e-04
1.786894261250893123e-04
-4.723932347605597215e-05
-5.317002274018989283e-07
1.335971485061371311e-05
-1.210220400083006353e-05
5.905357085000950690e-06
3.708828051083301602e-04
-8.950702073811100945e-04
1.495333818873234577e-03
-2.121459480349585647e-03
2.670831861941280749e-03
-2.909026759766675241e-03
2.129247402244516252e-03
1.763536926514319703e-03
-1.307848350619167377e-02
3.653636803869630967e-02
-6.056897401765581890e-02
4.925103901160809983e-02
-3.336338969600660675e-02
6.661116401613753624e-02
-8.072547759906001374e-02
5.400205803584867681e-02
-3.132741155724261262e-02
1.728868644647718611e-02
-9.460750690266195306e-03
5.092498320244942533e-03
-2.568099922100941512e-03
1.200444422345015028e-03
-5.296054323054022461e-04
2.219890239469890503e-04
-8.570616973013756024e-05
2.802900134257768627e-05
-6.288893863226618919e-06
3.097689746933696142e-07
-4.773772979218549040e-04
1.138515134773143700e-03
-1.859708416795058383e-03
2.533880526215170903e-03
-2.966603514501287009e-03
2.772972380036264894e-03
-8.618844303711625798e-04
-5.983837472420816539e-03
2.429793534130908483e-02
-6.094271521112659684e-02
9.690917162663481577e-02
-7.474975867205557734e-02
4.984441568319653015e-02
-1.067123845887749667e-01
1.334174600557389567e-01
-9.165285380856857955e-02
5.444765590357292240e-02
-3.077838915862685099e-02
1.728361861964344826e-02
-9.593934080172061840e-03
5.056801574099267782e-03
-2.526369399951988726e-03
1.227523621992077096e-03
-5.902210762336324024e-04
2.795886859106033739e-04
-1.278813086784680308e-04
5.388705714048924733e-05
-1.735016897119745494e-05
5.353838378043818125e-04
-1.249827310177309414e-03
1.954281038944571947e-03
-2.437446401792442430e-03
2.344541148254108975e-03
-1.062182928308175178e-03
-3.030172332437075511e-03
1.469331762324088686e-02
-4.339352750787384139e-02
9.833132356311580224e-02
-1.485109380582798622e-01
1.042108132967314305e-01
-6.516638958134990389e-02
1.601068353047594428e-01
-2.105285607566429462e-01
1.489733835960578290e-01
-9.053715254924554756e-02
5.224875569547293708e-02
-2.996367674518296553e-02
1.702808388378684867e-02
-9.251383516769351445e-03
4.815034067178203259e-03
-2.466020743447927543e-03
1.263752823401631531e-03
-6.456022194640809175e-04
3.224070474416862453e-04
-1.492877841826611984e-04
5.224173756368521992e-05
-3.752746762453185170e-04
8.001031124411639439e-04
-9.959594290833706509e-04
5.403445504654769138e-04
1.242328644847745522e-03
-5.366187543620171141e-03
1.420344523258876279e-02
-3.456151367919346740e-02
7.941358479058635567e-02
-1.593469345391440584e-01
2.223119353243419027e-01
-1.269780749048550206e-01
6.175862825989497651e-02
-2.221939912581092358e-01
3.226044988798548729e-01
-2.378845112812086882e-01
1.485529111479308995e-01
-8.765376287351500650e-02
5.130963461488136090e-02
-2.978303384185210234e-02
1.660254498048630012e-02
-8.931276792921494234e-03
4.761470078534557615e-03
-2.552508680153664500e-03
1.368648018488016760e-03
-7.185299162717484478e-04
3.487211548218738244e-04
-1.265798814769070191e-04
-3.615831226957411104e-04
1.111560730330474200e-03
-2.644206260022485822e-03
5.813385133428994322e-03
-1.195198387769380588e-02
2.280857405230563018e-02
-4.177633381351597563e-02
7.807248396522936673e-02
-1.478979734938548063e-01
2.588085420698007511e-01
-3.176956720749330998e-01
9.527784149122453528e-02
2.459567189976041846e-02
2.517480043970863335e-01
-4.694408401833243261e-01
3.699398624976311112e-01
-2.394885747730768344e-01
1.450692605556014314e-01
-8.682267748497451976e-02
5.146394473871396258e-02
-2.939025436302244998e-02
1.629335816167554185e-02
-8.998680203262665600e-03
5.010194627843134185e-03
-2.791620230382818590e-03
1.520876934975490258e-03
-7.624445958764880515e-04
2.833950176270860766e-04
2.063252539031168453e-03
-5.448064095020299646e-03
1.067363219715389278e-02
-1.933562072696304313e-02
3.389348312208539937e-02
-5.720779601961112348e-02
9.364863792598043801e-02
-1.540656771346675669e-01
2.541777160472520336e-01
-3.835485472791333450e-01
3.625658096698316513e-01
1.840665093122879625e-01
-4.101887919630371471e-01
-5.153975736175198108e-02
5.680518910558021162e-01
-5.190674761242917157e-01
3.566851426671746594e-01
-2.238790316450831597e-01
1.376161193602456478e-01
-8.345403621365221625e-02
4.881214455718918543e-02
-2.783163090930429462e-02
1.586920989277018634e-02
-9.133212049590611059e-03
5.255968619849227252e-03
-2.949792088813296687e-03
1.515872633461867736e-03
-5.733195833705906352e-04
-3.702038353573300355e-03
9.570487490265122688e-03
-1.814884478460498940e-02
3.157418762378938482e-02
-5.309137722724699415e-02
8.602408755450596800e-02
-1.339540795938773954e-01
2.042551962385914521e-01
-2.980660553139387048e-01
3.479777190495951800e-01
-8.915895292375353165e-03
-1.250609137088758871e+00
1.496597308402442650e+00
-9.406406189136760077e-01
-2.944519619893526396e-01
5.310651148893157369e-01
-4.250134854487441771e-01
2.855561500846306444e-01
-1.830819825709113502e-01
1.145111929865834099e-01
-6.889278082178407203e-02
4.051109826679066828e-02
-2.388928223462016831e-02
1.422196727602909050e-02
-8.448269499709226693e-03
4.875854037962312759e-03
-2.562373981675136747e-03
9.839633084567367405e-04
2.656582945377294891e-03
-6.757583306011838431e-03
1.249453227518415588e-02
-2.105009659192091931e-02
3.416985710111930530e-02
-5.291435759500018321e-02
7.526540315234342415e-02
-9.266838522125908639e-02
6.436729701135845971e-02
1.829632169860815338e-01
-1.166037275777853210e+00
3.219163785680393630e+00
-2.511081186905357754e+00
3.034103700429113815e+00
-8.703529442250328430e-01
-3.430456684509408660e-02
2.064414404107992596e-01
-1.794700191389893007e-01
1.270403216160502780e-01
-8.341755795959215902e-02
5.168221798157901503e-02
-3.120503702643873112e-02
1.890869818498686072e-02
-1.155518566227442534e-02
7.026328530798764405e-03
-4.135353678151432177e-03
2.206041721180440618e-03
-8.555132880871951784e-04
-2.243027026747057562e-03
5.705578647422271388e-03
-1.054648626130472167e-02
1.777652164383880518e-02
-2.895935104123736892e-02
4.499799177528984728e-02
-6.308282523241359740e-02
7.235652322027164018e-02
-2.771066451805381803e-02
-2.381391130147676449e-01
1.089934798255853821e+00
-2.198414569673332153e+00
2.062677376881765667e+00
-2.263842001048033126e+00
1.175199442957818974e+00
-2.862266411075324868e-01
-2.942785289860694320e-03
5.801672195838136759e-02
-5.400479308292460701e-02
3.914639729623559106e-02
-2.543858650241759278e-02
1.601508331157219800e-02
-1.012847717099418787e-02
6.435989772754169280e-03
-4.043239987815638870e-03
2.441704889264428857e-03
-1.327278726016345445e-03
5.209171912960997020e-04
3.668468589346218778e-03
-9.492796901895417250e-03
1.801899746311619310e-02
-3.140655014829007996e-02
5.305608036417197582e-02
-8.613962292747601168e-02
1.314412393812744995e-01
-1.864360594940990268e-01
2.186083025480911601e-01
-5.892038099568708276e-02
-8.299605202432758233e-01
3.032422622683952795e+00
-2.579929624060241622e+00
3.318160271143824502e+00
-1.251310055867406845e+00
2.221322506643446104e-01
4.729522795514640165e-02
-8.377657854089193279e-02
6.984187820967235893e-02
-4.947750861924760102e-02
3.223597434930525196e-02
-2.036026032408244646e-02
1.287276542518611677e-02
-8.175633927379521992e-03
5.138599224579820657e-03
-3.106330297185877498e-03
1.690263292360327796e-03
-6.638642843022068973e-04
-4.352957013111335982e-03
1.140901077042144607e-02
-2.207406547037749078e-02
3.938448854057696735e-02
-6.823699369579117047e-02
1.141463438250411855e-01
-1.828504475945464947e-01
2.853957287188677583e-01
-4.256116988499343279e-01
5.357519623808002507e-01
-3.022770180066345347e-01
-9.718322126948351070e-01
1.586763512465950043e+00
-1.332661583729986887e+00
2.980602840216306504e-02
3.450333331284127780e-01
-3.040912666983786039e-01
2.100064805958936631e-01
-1.379725414415133855e-01
8.874219401809568808e-02
-5.514585705327590404e-02
3.349618451420610654e-02
-2.036861131176692652e-02
1.248962309361445477e-02
-7.625781969380795999e-03
4.506641346054607311e-03
-2.412243166602934252e-03
9.376132987632956883e-04
2.851370832367194907e-03
-7.586706830295497639e-03
1.500577460666363550e-02
-2.748297501381102848e-02
4.889679116195111419e-02
-8.394848187629122549e-02
1.385225505632661225e-01
-2.252623967372073821e-01
3.591604149596605566e-01
-5.251015698663650255e-01
5.772357773157636984e-01
-3.657838158778758952e-02
-4.596808048245293321e-01
2.237376415296239429e-01
3.537235189987768536e-01
-3.931344607353821630e-01
2.648523424027189321e-01
-1.616956682123600331e-01
9.850321601788891712e-02
-6.024439640918899386e-02
3.588603847612148456e-02
-2.083721354631506983e-02
1.208507209011600025e-02
-7.087925367258662845e-03
4.163142473899483775e-03
-2.382530849232011860e-03
1.244328183005904975e-03
-4.758946132028540887e-04
-1.592455736169284819e-03
4.299751843198862389e-03
-8.686660552925218326e-03
1.630632779350094097e-02
-2.971750021555408239e-02
5.214202070692408597e-02
-8.790891805756473332e-02
1.466755913518227317e-01
-2.421387443062030798e-01
3.754580693780553702e-01
-4.778881739105145243e-01
2.460434459512725880e-01
4.982286402741920028e-02
7.722436565336465719e-02
-3.186673402947235445e-01
2.687671117464560666e-01
-1.564931012369470409e-01
8.368264653904589068e-02
-4.510650826910023170e-02
2.470748741345119015e-02
-1.300247743475324569e-02
6.383479041687678546e-03
-2.960250446072620889e-03
1.315285038897329173e-03
-5.513774193586229444e-04
2.078559519600453598e-04
-6.450482573971960676e-05
1.337568107573350318e-05
8.152810544235222778e-04
-2.240903067274757632e-03
4.643353963984964139e-03
-8.971027678128962179e-03
1.679835025916531777e-02
-3.015603088448415292e-02
5.188528476872988904e-02
-8.849070760254562629e-02
1.499909980302618351e-01
-2.411499566603652056e-01
3.278759514682860754e-01
-2.187495431978732086e-01
4.689676289558519784e-02
-1.172993962761665898e-01
2.247239790499406809e-01
-1.665915874864367652e-01
8.509798183047223574e-02
-3.803200991637822881e-02
1.610920971728546647e-02
-6.324101939821247242e-03
1.634858851511822309e-03
4.998511535969640818e-04
-1.203272328037741090e-03
1.217983400129796223e-03
-9.818435689190607718e-04
6.906844685188318067e-04
-4.131442028283416334e-04
1.714047259486761732e-04
-4.016281237602115084e-04
1.129236737888561493e-03
-2.414138459123194025e-03
4.826866723092848588e-03
-9.324537274224553585e-03
1.716920362210316853e-02
-3.017684672937548385e-02
5.256043356087047869e-02
-9.116781218517644447e-02
1.507475682146832696e-01
-2.136391164636961548e-01
1.576142061257996829e-01
-5.563991507165155781e-02
9.837979392159468262e-02
-1.505343952592284040e-01
1.031209949369440437e-01
-4.690389272076345151e-02
1.668279848156828393e-02
-4.011514359714141165e-03
-6.631582694751614326e-04
2.286925530249561689e-03
-2.603810708919240824e-03
2.304628459050661604e-03
-1.791613062319896699e-03
1.278571864611777187e-03
-8.401239981594699202e-04
4.826318561477194180e-04
-1.957484771222262054e-04
1.850053017316000137e-04
-5.383449000575524224e-04
1.203748390938841339e-03
-2.521198716152639463e-03
5.068964130998665496e-03
-9.625989055209061007e-03
1.733601182795041495e-02
-3.087247071164256340e-02
5.474709875556982297e-02
-9.273862345571615151e-02
1.354821185051946486e-01
-1.051044228476030185e-01
4.369153792612223697e-02
-7.122993724397019832e-02
9.850747448422225716e-02
-6.406595843452578265e-02
2.639667244909560395e-02
-7.046237776201280667e-03
-4.314385180137492171e-04
2.680233220559102847e-03
-3.061668527664096473e-03
2.755113786601981474e-03
-2.198267562242506301e-03
1.617150718121962427e-03
-1.116335313641414473e-03
7.178464274097962061e-04
-4.066354805782879112e-04
1.635567654767466905e-04
-6.709640645885528443e-05
2.118699198403461992e-04
-5.209531111507459400e-04
1.190027199214682696e-03
-2.557404106681815392e-03
5.085859391840585886e-03
-9.463666556669636520e-03
1.733143716543850132e-02
-3.155750471455576189e-02
5.487378531751119226e-02
-8.246578368812151894e-02
6.598821496925211250e-02
-2.971782087726637656e-02
4.751443452079229246e-02
-6.208583814293433534e-02
3.868235252195972862e-02
-1.431247433630744581e-02
2.254290515805834616e-03
2.033265511606430209e-03
-2.993143700990685829e-03
2.840714615949480049e-03
-2.347872757223257167e-03
1.784759798727719726e-03
-1.274211336150798957e-03
8.622162552764933707e-04
-5.467866593553694088e-04
3.068214210819597554e-04
-1.226992806881987974e-04
1.099634348800115902e-05
-5.217144008806684496e-05
1.742324130509231850e-04
-4.862939732657167724e-04
1.180744197494476566e-03
-2.523930640734306508e-03
4.916180856447738279e-03
-9.343696686102020976e-03
1.759906955837209352e-02
-3.158555026655562870e-02
4.898771231279397398e-02
-4.029068437117189205e-02
1.937092122116723658e-02
-3.057942079510667099e-02
3.814003046028346944e-02
-2.271960742976375514e-02
7.288705568015529934e-03
5.296354420281090825e-05
-2.405886338905816046e-03
2.687516268117917662e-03
-2.332456585712350261e-03
1.832827397365122124e-03
-1.348806174201300223e-03
9.421606160557871590e-04
-6.277224178203866245e-04
3.936191093227847659e-04
-2.191388566883389899e-04
8.720626516811602613e-05
9.226846845566960553e-06
-9.557822612027422338e-06
-2.823270343510486668e-05
1.643596511700096130e-04
-5.074591133276129540e-04
1.209934956577285448e-03
-2.503793019975830703e-03
4.982515863936498590e-03
-9.769463139832623710e-03
1.817652042119277667e-02
-2.917196250454878736e-02
2.466086516625409786e-02
-1.261416466003595360e-02
1.962196751236433556e-02
-2.342420273552647814e-02
1.332051896763175591e-02
-3.562692104608800037e-03
-8.985026472636548078e-04
2.164200945891536776e-03
-2.145641328414882310e-03
1.768749478092246363e-03
-1.344864738376472246e-03
9.672741735347045733e-04
-6.646255352951158102e-04
4.374171634697887612e-04
-2.717678115673471950e-04
1.503038333765527312e-04
-5.956441739896067844e-05
-1.310651601521550802e-05
2.545571428247406232e-05
-2.034557833052730302e-05
-3.548327406388551708e-05
2.035640743107691719e-04
-5.715720773498134122e-04
1.274991167072414555e-03
-2.672873093025884828e-03
5.471316317283481112e-03
-1.056319365102353913e-02
1.753426442346039948e-02
-1.520984506558420435e-02
8.212526993837343525e-03
-1.261880685379423994e-02
1.449464018460844272e-02
-7.895806174289532464e-03
1.712847833420738652e-03
1.013354934055854528e-03
-1.694669107994428714e-03
1.578575652658287254e-03
-1.260717174327297130e-03
9.375525116634975120e-04
-6.632944353563985374e-04
4.501084227621632294e-04
-2.933800222058025042e-04
1.809126869414257044e-04
-9.950639243405667855e-05
3.929511605038626954e-05
1.127092980898747321e-05
-2.428039822366390155e-05
2.960539549778928858e-05
-8.954994994425646837e-06
-7.240357564963773029e-05
2.647803341115917419e-04
-6.471251318256321383e-04
1.435293052736597019e-03
-3.068340004301006729e-03
6.137895385393221659e-03
-1.050862216439085728e-02
9.323252761859635029e-03
-5.260121075753687592e-03
8.014657320444484867e-03
-8.920432259429844635e-03
4.683076938540864376e-03
-8.087772165309980998e-04
-8.477116754814773003e-04
1.213733780790704486e-03
-1.089447317484726341e-03
8.520070831128379041e-04
-6.237292923820803026e-04
4.358874739880391758e-04
-2.929402178168949433e-04
1.894588859092660726e-04
-1.161088928363085415e-04
6.356875315538523807e-05
-2.502846897345367694e-05
-8.030870422698344058e-06
1.806548940613827980e-05
-2.495094982624124214e-05
1.887579788140136827e-05
1.926904387783423545e-05
-1.175970536957393620e-04
3.208534289331765876e-04
-7.547023144773845615e-04
1.682064209855838044e-03
-3.474945533611162318e-03
6.110924819118679352e-03
-5.523035323086844528e-03
3.223425912100452706e-03
-4.884818998554862901e-03
5.305347465757392911e-03
-2.702117684119542673e-03
3.665919440785092576e-04
6.072952330899994422e-04
-7.992792086000122254e-04
7.004640023033914531e-04
-5.398730676873242373e-04
3.907345177101007039e-04
-2.705462733980645851e-04
1.804585230640309845e-04
-1.159904607532791232e-04
7.072786711870282517e-05
-3.857627929537699174e-05
1.515076576708018763e-05
4.798282170898060528e-06
-1.104056763773231253e-05
1.614607939659506997e-05
-1.526951663033404571e-05
-1.237463803871463597e-06
4.775511800492182601e-05
-1.474359737718700103e-04
3.667142499965692082e-04
-8.476302074900132766e-04
1.798303776260112841e-03
-3.230081582396238105e-03
2.960443790694711197e-03
-1.770294943066019755e-03
2.673619532469473370e-03
-2.852881220817948815e-03
1.419990840389573350e-03
-1.518737186101404291e-04
-3.670268516016150784e-04
4.598672131042036426e-04
-3.968044109470270087e-04
3.028135785707597449e-04
-2.174137173240886511e-04
1.495413522141220142e-04
-9.919719267448279254e-05
6.346517555921860065e-05
-3.855256959978126119e-05
2.096643579851953376e-05
-8.218867474055202571e-06
-1.983167584332368172e-06
4.618006309312083779e-06
-6.947605241114374053e-06
7.191710780451998630e-06
-1.747665441198531511e-06
-1.480293944078336921e-05
5.125307540909673776e-05
-1.332066062373904458e-04
3.161928157719984256e-04
-6.833764825504573537e-04
1.245083322423123917e-03
-1.151569239755900753e-03
6.991954334258920767e-04
-1.053918733834535715e-03
1.112099804084110133e-03
-5.452544159112449051e-04
4.788539769418065362e-05
1.531431980112962776e-04
-1.866974186692793580e-04
1.596187560868322919e-04
-1.210743605426500835e-04
8.649668576266034137e-05
-5.924487379549425725e-05
3.916091924405229463e-05
-2.497971780152097310e-05
1.513654824530918930e-05
-8.216192575710712376e-06
3.216710650233434166e-06
