7.309638919495570525e-11
7.676405580822701919e-11
-6.484689755449338896e-10
1.088143410257874056e-07
-7.035378768424293701e-06
-6.514058060421386962e-06
-3.538154713220484587e-06
-3.554567448790052934e-06
9.594525004942243701e-09
5.225102923650644029e-11
7.676405580822686409e-11
7.683359779019618796e-11
-2.494500774554933257e-11
2.823472508913905678e-08
-7.158340610755662938e-06
-7.581086629203895044e-06
-3.526955226202323420e-06
-3.541124506307477646e-06
9.562512144906992885e-09
5.597766393814468011e-11
-6.484689755449355439e-10
-2.494500774555111617e-11
-1.078195174617402021e-07
1.389894783868005239e-05
2.360936134873616103e-05
1.869804023180714648e-04
-3.152565014081080996e-06
-3.547494170782375266e-06
8.880781324245156769e-09
-6.662957573478270328e-10
1.088143410257876438e-07
2.823472508913943397e-08
1.389894783868005409e-05
-1.779163790148959555e-03
-5.855414440697031576e-03
-2.717313013602499702e-02
-4.412504847478419291e-05
-2.754482581052179636e-06
1.127954518022251889e-07
1.084097915493180838e-07
-7.035378768424301324e-06
-7.158340610755670561e-06
2.360936134873619491e-05
-5.855414440697034179e-03
9.709294642372897632e-01
9.597517257853049877e-01
-3.704366412668727484e-03
1.262866408020040295e-05
-7.091961253162812416e-06
-7.035727591289995348e-06
-6.514058060421376798e-06
-7.581086629203889962e-06
1.869804023180712208e-04
-2.717313013602495192e-02
9.597517257853045436e-01
8.003187353805633064e-01
-1.083678919134508506e-02
-2.059840424448229883e-03
2.016773339646507070e-06
-6.554641435470541578e-06
-3.538154713220481199e-06
-3.526955226202317067e-06
-3.152565014081076337e-06
-4.412504847478440298e-05
-3.704366412668732254e-03
-1.083678919134508506e-02
4.920579824705077487e-01
4.912414652586947206e-01
-2.055007971554461202e-03
4.976931441992401341e-06
-3.554567448790044887e-06
-3.541124506307468752e-06
-3.547494170782367643e-06
-2.754482581052173283e-06
1.262866408020043514e-05
-2.059840424448229450e-03
4.912414652586946651e-01
4.925856017789211894e-01
-6.269081890325853973e-04
-6.062237549455892511e-06
9.594525004942184144e-09
9.562512144906949872e-09
8.880781324245126991e-09
1.127954518022245007e-07
-7.091961253162796322e-06
2.016773339646466413e-06
-2.055007971554459033e-03
-6.269081890325871320e-04
3.860117081976770573e-06
-1.096634747140018101e-08
5.225102923650602670e-11
5.597766393814409849e-11
-6.662957573478211392e-10
1.084097915493173161e-07
-7.035727591289982643e-06
-6.554641435470533108e-06
4.976931441992418282e-06
-6.062237549455878958e-06
-1.096634747140033983e-08
2.276305703297454436e-10
