4.074683940659900401e-07
-2.574108614490563116e-06
1.464149080978454937e-05
-8.371868799698749253e-05
4.561279304584131902e-04
4.528339426703494736e-04
-6.778515864479814704e-05
3.048151237239858646e-05
-5.387503448609726815e-06
8.694156990812617746e-07
-2.574108614490888377e-06
1.487417265997638405e-05
-8.399735469576119495e-05
4.717656185352376436e-04
-2.533898911033755086e-03
-2.515279260626175628e-03
3.832361057947222815e-04
-1.719781918394381465e-04
3.073539183933636466e-05
-5.220415531761181643e-06
1.464149080978704304e-05
-8.399735469576553176e-05
4.654675003673090089e-04
-2.571709676798338007e-03
1.360113352216224536e-02
1.349933011860096621e-02
-2.096370263027863556e-03
9.376906959977140271e-04
-1.704791462500747324e-04
2.931082058429271080e-05
-8.371868799698922725e-05
4.717656185352220310e-04
-2.571709676798296373e-03
1.397915783859243755e-02
-7.281391144178847585e-02
-7.225803662907392955e-02
1.142988473791181625e-02
-5.103334619159943103e-03
9.426878039342752660e-04
-1.648942666521047585e-04
4.561279304584079861e-04
-2.533898911033734269e-03
1.360113352216221760e-02
-7.281391144178883668e-02
3.737931029276480577e-01
3.707588458621821070e-01
-5.914312663051146668e-02
2.717215731984909399e-02
-5.097503448830351114e-03
9.049856442385094055e-04
4.528339426703546777e-04
-2.515279260626192975e-03
1.349933011860102172e-02
-7.225803662907415159e-02
3.707588458621829952e-01
3.872925474315253580e-01
-1.454610736139929639e-01
-5.914159799628396219e-02
1.141672510215513414e-02
-2.023686766378922364e-03
-6.778515864480551961e-05
3.832361057947413635e-04
-2.096370263027912129e-03
1.142988473791187176e-02
-5.914312663051146668e-02
-1.454610736139928528e-01
3.872987054404782858e-01
3.707451386356482304e-01
-7.216778933764916859e-02
1.301322370681208540e-02
3.048151237240650114e-05
-1.719781918394637336e-04
9.376906959977808140e-04
-5.103334619160031574e-03
2.717215731984935767e-02
-5.914159799628443404e-02
3.707451386356490630e-01
3.737589702286756577e-01
-7.271942161479116873e-02
1.311090415849927582e-02
-5.387503448612992974e-06
3.073539183934661037e-05
-1.704791462500993438e-04
9.426878039343155984e-04
-5.097503448830340705e-03
1.141672510215502312e-02
-7.216778933764922410e-02
-7.271942161479116873e-02
1.394615234021814865e-02
-2.479140002810263643e-03
8.694156990824645614e-07
-5.220415531764962798e-06
2.931082058430173679e-05
-1.648942666521192868e-04
9.049856442385172117e-04
-2.023686766378901547e-03
1.301322370681207152e-02
1.311090415849926888e-02
-2.479140002810263643e-03
4.345054461175230920e-04
