1.003448213334579009e-01
1.677001987806931993e-01
-4.001647857172940803e-02
-4.764242231455568799e-01
-8.493829192479438461e-01
5.578633658052467581e-01
-4.951755318316060084e-01
9.518151254759033009e-02
9.570442494535313926e-02
2.439835278796564921e-02
-3.266514392459782812e-01
-2.568244978959910441e-01
-6.806940647521741994e-02
1.179316379394208525e+00
1.652532754251978986e+00
-1.123996954333648546e+00
1.128289395192325628e+00
-2.055399291220112445e-01
-2.469034799122908908e-01
-6.154082676405892016e-02
8.580763597032046164e-01
-1.603433089690611268e-01
1.015087759818129598e+00
-2.722739369391774744e+00
-1.836730563137393801e+00
1.659151140172298255e+00
-2.021602181670289156e+00
4.853042505046687438e-01
3.447452193146887112e-01
1.570372579139274194e-01
-1.296214104737686057e+00
2.871104804290212087e-01
-1.830924651687155347e+00
4.149626021761150696e+00
2.616489774402680268e+00
-3.082904418157625059e+00
3.990924893662452178e+00
-1.542422765947208063e+00
-3.930760278797151841e-02
-4.594547282014644907e-01
5.318188833746262389e-02
1.952596299000333602e+00
1.047544369434945111e+00
-5.404305079139930967e+00
-2.387177953905165850e+00
3.622781451697164812e+00
-6.262168577179465956e+00
2.978936240036205163e+00
-3.580808134207700277e-01
8.156389412248898907e-01
5.753459099495330520e-01
-1.327607201888895361e+00
-6.206061860719501055e+00
1.504076897069853658e+01
-6.639571787912018408e+00
2.433517149935255475e+00
5.349586581860876322e+00
-2.324823821250106448e+00
-9.852005905208329750e-01
-3.266500977818509455e-01
-1.066018964236661759e+00
1.117760895220271777e+00
7.925574750541727553e+00
-1.702766548100726141e+01
7.177708593271290738e+00
-3.855957714004034642e-01
-6.774372274431357255e+00
4.799534896924058103e-01
4.745926054239731684e+00
-1.616732930030963189e+00
-1.061293487522192436e+00
2.443577334384258393e+00
-8.611029146251212296e+00
1.340146121578436578e+01
-3.118856590326004152e+00
-3.969948817725480694e+00
7.847740529181209013e+00
9.863562512111911929e-02
-7.090320814890674228e+00
2.953448201976215159e+00
8.584757963993183694e-01
-1.225009280849860716e+00
3.190700404213316688e+00
-3.543156368928976008e+00
-5.061108460472041770e+00
1.160183204830968862e+01
-1.184180663847320147e+01
2.566907461423966197e+00
5.657760155437472349e+00
-2.640496181250171048e+00
-4.068713254274882729e-01
5.032347781729527014e-01
-9.756830832607761295e-01
4.634121165703390943e-01
3.977799605016684836e+00
-7.481166971738332450e+00
7.537784759809142088e+00
-2.821508974468144970e+00
-1.606492830146351025e+00
7.658197705205367356e-01
