1.674761046832884404e-02
-3.962854865369536128e-02
5.791920231575886646e-02
-4.923491200253238276e-02
-6.659468941768409422e-02
1.912528884673747598e-01
-1.688240118644444010e-01
1.389219990582262199e-01
3.713355486660674387e-01
-2.923443971226404869e-01
-3.676906039945038174e-02
8.371428208721454212e-02
-1.118835243076432562e-01
6.598268252093930641e-02
2.395109533234744958e-01
-5.271009766820498044e-01
4.101784777981265506e-01
-2.159857653095400565e-01
-1.172618750231748663e+00
8.803148442987662747e-01
3.435975151336378985e-02
-6.424918235586574156e-02
3.377140404586498335e-02
1.532181762979689665e-01
-7.747783428230832214e-01
1.236010942331631668e+00
-8.426111719923028431e-01
1.418266976326094664e-01
2.678290985479065967e+00
-1.951201076085851582e+00
7.042610725147824269e-02
-2.195314589223471557e-01
5.323176248102754471e-01
-1.147097130488418770e+00
2.355727769062468724e+00
-3.015713724751549307e+00
2.264491297095901245e+00
-6.140338952327510924e-01
-4.665025713937836827e+00
3.507798090450364725e+00
-1.924402560254065975e-01
5.390177673151583804e-01
-1.130748911869659423e+00
2.081185556711261597e+00
-3.460950942642284645e+00
3.521815592343045864e+00
-3.180666476537226117e+00
1.561027538549296878e+00
6.383691872473718831e+00
-5.031065069298620074e+00
1.255968768231241484e-01
-3.588454393188840186e-01
7.356349497458722908e-01
-1.159355176462213421e+00
1.091871480415647966e+00
1.367666051110063563e+00
5.897801644459832460e-01
-2.979347829405924131e+00
-4.498149737380799706e+00
3.937918341383749521e+00
-9.269853939372296736e-02
2.740423483182894415e-01
-5.715154170190999139e-01
8.933244343365913664e-01
-7.680941042817721609e-01
-1.202201214968226850e+00
-1.813923605005584250e+00
8.010036088070137339e+00
-2.815581626402035909e+00
3.191723100202636942e-01
3.063466858374681578e-01
-8.023579441768333709e-01
1.514740864529244391e+00
-2.482452375196999128e+00
3.597060462155923233e+00
-4.165943740483271540e+00
7.692718759392391803e+00
-1.273850288350945448e+01
9.181532684124803723e+00
-4.076661599946447723e+00
-4.271862995435071753e-01
1.088449508135283850e+00
-1.991967124798804889e+00
3.228770501407325355e+00
-4.878723625680549958e+00
6.764006981833745158e+00
-1.056830854518739216e+01
1.503805527377755880e+01
-1.290723478962493687e+01
6.354486978914323458e+00
1.973122335119512627e-01
-5.032352357091838257e-01
9.229701762768058870e-01
-1.504356622230432095e+00
2.300825810740548150e+00
-3.279032333787426978e+00
5.045480567465688182e+00
-7.015957243556897538e+00
6.177799790896571608e+00
-2.939159227083674608e+00
