7.309636109782881364e-11
7.676407843997616931e-11
-6.484777855267682341e-10
1.088154883906590684e-07
-7.035376122803634372e-06
-6.514055360334577043e-06
-3.538154724282815770e-06
-3.554567449524865027e-06
9.594524982160108062e-09
5.225100137167652501e-11
7.676407843997611761e-11
7.683367278788111428e-11
-2.495411226669843303e-11
2.823592875238826413e-08
-7.158343833325400209e-06
-7.581092175657953409e-06
-3.526955200184169927e-06
-3.541124507149694364e-06
9.562512173343219031e-09
5.597768680821810979e-11
-6.484777855267686477e-10
-2.495411226669907926e-11
-1.078194646017939563e-07
1.389893786411206177e-05
2.361037216672015013e-05
1.869818231605034284e-04
-3.152571426133382282e-06
-3.547494152076030403e-06
8.880772428804565197e-09
-6.663045684283696095e-10
1.088154883906591610e-07
2.823592875238836339e-08
1.389893786411207024e-05
-1.779162091235784266e-03
-5.855545178666842800e-03
-2.717331434706646981e-02
-4.412421379961544896e-05
-2.754485126493925338e-06
1.127966111248617546e-07
1.084109391452854412e-07
-7.035376122803641149e-06
-7.158343833325401056e-06
2.361037216672023145e-05
-5.855545178666843667e-03
9.709293254419714136e-01
9.597514113054034235e-01
-3.704365152931224803e-03
1.262866167396789024e-05
-7.091958629391080817e-06
-7.035724975671137133e-06
-6.514055360334571961e-06
-7.581092175657951715e-06
1.869818231605034284e-04
-2.717331434706646287e-02
9.597514113054034235e-01
8.003187373470229682e-01
-1.083678921028451494e-02
-2.059840421920050395e-03
2.016775985542440248e-06
-6.554638777446924493e-06
-3.538154724282810687e-06
-3.526955200184162727e-06
-3.152571426133376776e-06
-4.412421379961569968e-05
-3.704365152931229574e-03
-1.083678921028450801e-02
4.920579825034038790e-01
4.912414652924272929e-01
-2.055007971824787064e-03
4.976931432658348984e-06
-3.554567449524857404e-06
-3.541124507149686317e-06
-3.547494152076024050e-06
-2.754485126493918562e-06
1.262866167396792582e-05
-2.059840421920049961e-03
4.912414652924272374e-01
4.925856018147421467e-01
-6.269081892924799337e-04
-6.062237549063109781e-06
9.594524982160002183e-09
9.562512173343142930e-09
8.880772428804535418e-09
1.127966111248609341e-07
-7.091958629391068112e-06
2.016775985542409755e-06
-2.055007971824785330e-03
-6.269081892924808011e-04
3.860117083280835393e-06
-1.096634749936317382e-08
5.225100137167629236e-11
5.597768680821761865e-11
-6.663045684283636124e-10
1.084109391452847000e-07
-7.035724975671126121e-06
-6.554638777446917717e-06
4.976931432658362537e-06
-6.062237549063082676e-06
-1.096634749936338558e-08
2.276305427266729816e-10
