-1.763117195242358548e-03
-2.463708439551481888e-02
1.483492654599558591e-01
-1.661718904989584189e-01
-1.407664255561940081e-01
2.726447527088282641e-01
-1.226068661632950807e-01
6.241513377845109289e-02
-2.248071871727574944e-02
1.047120397010115056e-02
1.309523001544476983e-02
4.593895254083690816e-02
-3.420578318957723241e-01
6.598173475518933628e-01
-5.276226299179143098e-02
-3.020205285852171073e-01
5.896499062987459183e-02
-2.551502352699230869e-02
5.961869968061250802e-03
-1.068942452197063631e-02
-3.821161010773721500e-02
-5.187806008285633652e-02
4.503609622261137702e-01
-1.082582521251879371e+00
2.437382600548971823e-01
3.901803712827813797e-01
2.360776766522576509e-03
-9.506790526131680963e-03
6.196218431568922824e-04
1.652652822955502643e-02
7.055720586757274759e-02
9.014047489802123891e-02
-6.648512500457854912e-01
1.737451360514342014e+00
-6.707652774464349932e-01
-5.464846791439867957e-01
-1.070544696763136017e-01
9.018011351088262018e-02
-3.042759472117495534e-02
-9.391380118728420712e-03
-1.478168020270800298e-01
7.251284511880840000e-03
7.063359911787756573e-01
-2.304562865451771358e+00
1.074182223504976719e+00
1.212495779157507059e+00
7.316230400192580419e-03
-7.478276634719804861e-02
1.574590635709682829e-02
-6.779005916257574427e-05
4.011620440196566051e-01
-5.933910577953156462e-01
-5.195126963303664525e-02
2.242511026248848793e+00
-1.522190016123204259e+00
-1.213366285409392731e+00
-5.963992039582990401e-01
4.663699038970889887e-01
-1.977082449049021307e-01
6.679082743715980541e-02
-3.289776397365926641e-01
8.162990258321087822e-01
-8.287629965020641976e-01
-2.588250516814696311e-01
-4.335207068866111513e-01
3.318322522598464275e+00
-3.297875959483462793e-01
-4.723807201867202821e-02
-2.351656917085165333e-02
-7.681667460360586119e-03
1.997411137821814009e-01
-7.214196156868410981e-01
1.325284945474777487e+00
-1.975402221470176300e+00
4.307753437203700742e+00
-7.213668922336182732e+00
3.177664697201862509e+00
-1.518924577969301026e+00
7.740080516730927229e-01
-1.870447737975098335e-01
-5.546395520022429082e-01
1.269922483495861343e+00
-2.040648835797583160e+00
2.758621081391538610e+00
-3.664881743374280632e+00
5.145462857381289723e+00
-1.508990837324063250e+00
5.093745716137050294e-01
-3.767441341273638500e-01
5.728774221205412687e-02
7.567369191262969252e-01
-1.351814968794599281e+00
1.864934085383424645e+00
-2.168414367631498862e+00
1.688984767273268517e+00
-5.904385495497308511e-01
-1.500793874684404727e+00
1.040750034660050005e+00
-2.319079697716119881e-01
6.110574826282899608e-02
