9.702315893079571651e-03
-2.943893410190412396e-02
6.948690062773721365e-02
-1.394585354651098896e-01
1.463128744699133676e-01
2.268879817199831450e-01
-1.098816705847411868e-01
8.945013928359912825e-02
-4.771556170814506004e-02
1.134836881831802202e-02
-2.895564759251101350e-02
8.207055238153770915e-02
-1.791934680662734536e-01
3.378211433027900057e-01
-3.344460374448772200e-01
-5.965463880665993202e-01
3.137240269015819649e-01
-2.646152684972093994e-01
1.482913938981482715e-01
-4.058447689243394052e-02
6.686331835351211339e-02
-1.746052209034587577e-01
3.411556553153332061e-01
-5.786435467762203189e-01
5.182954193855948688e-01
1.127511649014650175e+00
-6.571979259456384170e-01
5.878752684702703846e-01
-3.504801818978648953e-01
1.094290107199071826e-01
-1.308914428382195183e-01
3.182766155127865204e-01
-5.538869563897605985e-01
8.193299778736218286e-01
-6.362469492287345929e-01
-1.789892387099826010e+00
1.127927855312009342e+00
-1.127550740202423185e+00
7.248028009958034090e-01
-2.502637464457393435e-01
1.215056883307852331e-01
-2.715775716299049236e-01
4.093608596672311251e-01
-5.029194679977990745e-01
3.378155351347231772e-01
1.674457301160146017e+00
-9.208117819389372016e-01
1.500905822988897853e+00
-1.126063075551655857e+00
4.174557463346104669e-01
2.569946198853472197e-01
-6.728928918735164189e-01
1.265826428384571045e+00
-1.974759931893004250e+00
1.746276504948582442e+00
6.824229550966265379e-02
-8.346661692057750770e-01
-1.162434291729368852e+00
1.291470855993566147e+00
-5.184870275292041697e-01
-1.415121094968583293e-01
3.950787744440731331e-01
-8.070378059876475163e-01
1.345941837778354966e+00
-1.108974025416500808e+00
-6.694258764437108766e-01
1.468786202804039931e-01
1.877375588678205531e+00
-1.858199085816522711e+00
7.686475905243241868e-01
1.064632593432435215e-01
-3.090345391746609494e-01
6.705330043422463859e-01
-1.244959090014162939e+00
1.587236340586059669e+00
-1.205517505852185423e+00
1.784005614630586933e+00
-1.274101118228827545e-01
-1.038124471538139915e-01
1.061441164420102723e-01
-5.215565601597660361e-02
1.607153768921136816e-01
-3.749384139663334281e-01
7.556129779088678333e-01
-1.121446204856511031e+00
1.233716452451517398e+00
-1.687861376578439376e+00
-2.207592980525987514e-01
4.263383152451751812e-01
-2.210201150342072651e-01
1.175299681220565162e-02
-4.224399517980970131e-02
1.135616835143622438e-01
-2.539578054582989353e-01
4.034787040586707008e-01
-4.784962570213338040e-01
6.762261000096714270e-01
1.789636652301851427e-01
-2.408140025376042104e-01
1.138152025663430322e-01
