3.778060816003261380e-01
-7.851561524590806584e-01
7.263458753092777442e-01
2.826101705047108226e-01
1.041635970073230055e+00
-7.049572315684144996e-01
-2.064087206882732062e-01
1.213620955903252252e+00
-3.963788802790304544e-01
2.618787081646019033e-01
-7.515604645970483944e-01
1.483123660826038304e+00
-1.084850406828479663e+00
-1.527330095668048671e+00
-1.107154055912360491e-01
-8.023421413413416303e-01
2.623448457705308101e+00
-4.438067463027209669e+00
1.678808265048473913e+00
-8.580059233931933704e-01
8.851376980195482247e-01
-1.515247724536379792e+00
1.559597832374493009e-01
4.827998948925369405e+00
-3.638313161503901938e+00
4.821100998997053466e+00
-6.916321600267110625e+00
8.753676009562695981e+00
-3.015546507890576322e+00
1.284566174402016259e+00
-1.390798487395500160e+00
2.635614437379217634e+00
-1.913571509122903080e+00
-2.693268068977658913e+00
4.635479514995495265e-01
-1.332241431135116727e+00
3.389182051867464907e+00
-5.247496472645252652e+00
-1.522489734510145354e+00
1.341293827514391523e+00
9.133180751794611751e-01
-1.802939562463279799e+00
8.735303457001464267e-01
3.877081252207290163e+00
-1.909322453235063222e+00
3.227515968176703609e+00
-6.470088966747653103e+00
7.665781669312764279e+00
2.157679930809536017e+00
-2.122921491464012433e+00
-7.294290617579122227e-01
1.408362169461099711e+00
-5.212110809388832422e-01
-3.302558789617478396e+00
5.426834163356488716e-01
-4.596092447864066344e-01
4.460888376572256675e+00
-6.212570019649319875e+00
-3.963130625837948173e+00
3.012638927974876424e+00
3.739690870913250365e-01
-6.198921958420839928e-01
-3.092003995410550488e-01
3.145391824928708502e+00
-2.905882871041285398e-01
-3.832162300742822936e-01
-3.742834889080882022e+00
6.194629278546926798e+00
3.463131255427015276e+00
-2.710078716084808548e+00
-2.169545899298057634e-01
5.100277145405982537e-01
-5.763313908670824048e-01
3.002434440809054195e-02
-2.784114254822668499e+00
3.529480045569016511e+00
-1.649051438965898342e-01
-3.486836314442371076e+00
-1.618377393922855845e+00
1.421714903743236391e+00
-2.970509468977553524e-01
5.696932833532386553e-01
-8.899223294771623216e-01
1.655647443916343775e+00
-8.776957369850322266e-01
1.421583693578270413e+00
-1.586016872039039072e+00
1.596270841569889853e+00
7.664252618709497256e-01
-6.811133364668080503e-01
1.867654423679745435e-01
-3.814511457211509082e-01
6.290557118535815562e-01
-1.078253597285083742e+00
7.293318988061514574e-01
-5.691735623936722277e-01
1.903748692235538442e-01
8.835247805363621865e-02
-5.171764635017552791e-01
3.160368137672122657e-01
