1.272383228243122622e-06
-7.423393668352229599e-06
4.031502563065631189e-05
-1.978858067243241363e-04
7.868326112322760607e-04
1.075251891720337485e-03
-1.717162310645053459e-04
6.421485421911747073e-05
-1.315792720385917892e-05
2.381740111357348718e-06
-7.506713917456136597e-06
4.195751335137097929e-05
-2.273116775686374880e-04
1.108155015233407842e-03
-4.332486588169440211e-03
-5.894633134973022159e-03
9.448720795038612064e-04
-3.552178976440165288e-04
7.307361974449692876e-05
-1.355804757446389414e-05
4.137960408153807182e-05
-2.307309177538947528e-04
1.239360071948580888e-03
-6.007197285375742712e-03
2.307621646951274474e-02
3.112166720140974174e-02
-5.008742899990162312e-03
1.894457377600048884e-03
-3.928068214509930489e-04
7.309219992723456870e-05
-2.330639154737982645e-04
1.288920257117597001e-03
-6.872250134654339648e-03
3.317997607176959018e-02
-1.261665079950180512e-01
-1.463756955362149892e-01
2.319348317915065349e-02
-9.464467576904597723e-03
1.989934797503613989e-03
-3.732714062550555271e-04
1.271093671469627345e-03
-6.982899313164162014e-03
3.696262471463895860e-02
-1.778388131950374706e-01
6.707769847261637608e-01
4.803676131888581224e-01
-6.938716832103763998e-02
4.071717073532205022e-02
-8.929374377039386163e-03
1.709045721676107077e-03
9.828062215774934635e-04
-5.393160256317683365e-03
2.850989025228178875e-02
-1.367847569961277987e-01
5.196917118503199262e-01
7.638926149059601656e-01
-3.466961554738026141e-01
-7.898614580475760150e-02
2.165553495909888770e-02
-4.396633143934888799e-03
-1.562575651137352445e-04
8.608904164928848912e-04
-4.569387220608768507e-03
2.160191858012838750e-02
-7.599965363678129471e-02
-3.352873174114632260e-01
7.706387563051961820e-01
5.900320583619453885e-01
-1.488516310019414313e-01
2.967452195793562897e-02
6.594806255706301768e-05
-3.634626126005127949e-04
1.930895373472768517e-03
-9.754350088572658062e-03
4.451847874055704646e-02
-9.078150998174683295e-02
5.521255459036087387e-01
4.617938516245487790e-01
-1.186688059680554019e-01
2.332164078305876131e-02
-1.408073877189800047e-05
7.817526406447947336e-05
-4.200369830448678812e-04
2.160269225844259344e-03
-1.023385213898692081e-02
2.744982525063199841e-02
-1.593075336838474243e-01
-8.708075901074163738e-02
2.185890510194044012e-02
-4.265925971773942837e-03
2.605402386966003433e-06
-1.478501589483323495e-05
7.958777057150107992e-05
-4.121305379689186796e-04
1.975105694763012315e-03
-5.637614563099857534e-03
3.246251015030032772e-02
1.502523808170130870e-02
-3.697995292488098773e-03
7.173929129615438938e-04
