3.223162206654140913e-07
-3.104636321837509578e-06
2.332020585806286912e-05
-1.484439483518422073e-04
8.429496629509328209e-04
9.560824940854986687e-04
-7.213131414277387798e-05
3.460577147613845030e-05
-1.885720648080163988e-06
-1.619556980603937808e-07
-2.767847144402542153e-06
2.066710610406394082e-05
-1.378589446784633105e-04
8.249602448126697185e-04
-4.623126301314089970e-03
-5.251742253633659430e-03
4.207582619824186410e-04
-2.050901932123521537e-04
1.871672760570518030e-05
-1.328238893507038788e-06
1.871660406133459145e-05
-1.229260750554494672e-04
7.572961537385611286e-04
-4.313098284139976757e-03
2.400874347060866221e-02
2.727367397693947204e-02
-2.262913745525493847e-03
1.144192830615509138e-03
-1.396898494331853813e-04
1.809145385729172845e-05
-1.014989875819018866e-04
6.262081442743941406e-04
-3.687660310314255785e-03
2.024603575202499339e-02
-1.131818880608461697e-01
-1.274166908826575018e-01
1.022908802936017825e-02
-5.937611464554973240e-03
8.685729187812747665e-04
-1.376324707360815705e-04
5.614476701388051993e-04
-3.192258820833487887e-03
1.754218968491627617e-02
-9.027476044485815976e-02
4.954501999472462614e-01
5.513833844707889398e-01
-5.112490906445965599e-02
3.296574848043359873e-02
-5.926341743907992399e-03
1.106244872380408514e-03
2.053948497831446091e-03
-1.039437363703840655e-02
4.295446267181191047e-02
-1.561426693136502841e-01
5.577687440848357880e-01
7.588229463225362181e-01
-3.859809134533562780e-01
-5.122396800682071927e-02
1.021546621181856906e-02
-2.184963404852455215e-03
-3.668806887157207222e-04
1.880530387169877804e-03
-7.777854132876349524e-03
2.752474294669282617e-02
-8.930834317397184918e-02
-3.179501860222533338e-01
7.595088793758471013e-01
5.515586072309428545e-01
-1.271947510963662431e-01
2.625538192780574320e-02
9.047030918636416678e-05
-4.853663347682535788e-04
2.212123803858429341e-03
-9.265975218238957367e-03
4.018114673867825837e-02
-8.899637501212120938e-02
5.561769278430119812e-01
4.960013905051319227e-01
-1.131073688124910603e-01
2.314432813624378582e-02
-1.727837316124088683e-05
9.673761020340229839e-05
-4.614677852815764376e-04
2.029061895055939493e-03
-9.227171943141154742e-03
2.728700418046514642e-02
-1.548581453622919213e-01
-9.035894369292396533e-02
2.024408148705325594e-02
-4.164151556737716309e-03
3.225229213520126550e-06
-1.898840014401896831e-05
9.534452737215129339e-05
-4.420402775869563400e-04
2.103588273858585100e-03
-7.315565624172098991e-03
4.038564517320175629e-02
1.699152499389400273e-02
-3.585574943910929679e-03
7.153895718308850293e-04
