7.577156278898655728e-03
-2.250358595861712274e-02
4.677062920461594331e-02
-7.352355385006603683e-02
1.728005716211100662e-02
2.324937976178489407e-01
-1.509764468549974481e-01
1.239590882310608322e-01
-5.917020467421707508e-02
1.531491436081466873e-02
-3.118323700579139768e-02
8.436763043187056610e-02
-1.592162908325462922e-01
2.322643088764380082e-01
-8.478752642372455739e-02
-5.483461876820001635e-01
3.807755167063078261e-01
-3.378003371907425390e-01
1.725848833121972348e-01
-4.954007509826396927e-02
9.201494468970849994e-02
-2.333073847931927958e-01
4.066723183627800609e-01
-5.510368287218625483e-01
2.649512957750630449e-01
8.900949459284674958e-01
-6.882259708140736620e-01
6.890146476632708072e-01
-3.854240767529972800e-01
1.241960240092225831e-01
-2.069989535762601918e-01
5.047965413662041101e-01
-8.329604790335451980e-01
1.062213348704517557e+00
-5.917362591853816411e-01
-1.134500682211637468e+00
1.000072885382905952e+00
-1.226814935630500258e+00
7.597229355415038299e-01
-2.694515683293730035e-01
2.511271052117081126e-01
-5.934529437110995786e-01
9.240904672305987333e-01
-1.078332033330298145e+00
6.163268122772933566e-01
6.040549433910200605e-01
-5.979201683021528879e-01
1.591629184263183561e+00
-1.140011698700163834e+00
4.314483353829245971e-01
1.451233114824503900e-01
-4.116583047500625980e-01
8.875513792236233712e-01
-1.627955250687591615e+00
1.649242568311819923e+00
1.033449522292357869e+00
-1.293981193198305846e+00
-1.197560550941943802e+00
1.200922337083738967e+00
-4.873963504082894360e-01
-1.213093208854445493e-01
3.548571653787462310e-01
-7.855105844405443349e-01
1.451226181211268340e+00
-1.397108015703906858e+00
-1.246868190247369057e+00
1.026070871200317924e+00
1.447936291335281567e+00
-1.336908700222465995e+00
5.459403053077949153e-01
1.201017257091478996e-01
-3.474224158272534169e-01
7.618593222056802006e-01
-1.446812399469195043e+00
1.861903967214402655e+00
-7.316528273913718294e-01
6.353871237679413753e-01
6.492230249250496854e-01
-9.343158258138828387e-01
4.581517272210930969e-01
-6.417100220390636878e-02
1.910353779852300704e-01
-4.344660292104123300e-01
8.611740386631936417e-01
-1.210452707010745144e+00
7.877173200868128333e-01
-6.680691801834655053e-01
-8.993673285435761500e-01
1.083939432026454597e+00
-5.041934856890293304e-01
1.973216560164914313e-02
-6.229278828168105520e-02
1.512423886073719359e-01
-3.169697965638249570e-01
4.666768843117097276e-01
-3.370911825961684372e-01
2.885815338383963535e-01
4.210996246310969582e-01
-4.908672966018912120e-01
2.249045329983800912e-01
