-9.262995702676178453e-17
1.812247457129191472e-14
-3.151976495817045854e-12
4.113931692881157714e-10
5.093628297435503107e-10
3.898459217366997916e-10
3.565371595784391940e-10
-2.717994505530300956e-12
1.560820649306586876e-14
-7.973041850070751894e-17
1.812080041095964501e-14
-3.538293700634603411e-12
6.141550358570577416e-10
-7.997267020573607562e-08
-1.130733379943083932e-07
-9.328911638523280094e-08
-6.924537805401326980e-08
5.290606965421418969e-10
-3.044657706473300155e-12
1.558412651596361658e-14
-3.151096637936373569e-12
6.140403084076828183e-10
-1.063495468204730549e-07
1.381009221968874024e-05
2.438987810513434761e-05
2.216706291955762527e-05
1.193558509484632996e-05
-9.142815407398760595e-08
5.274150702869881263e-10
-2.705356813736465655e-12
4.110463863906976299e-10
-7.991260785491965722e-08
1.380229035605637357e-05
-1.784177703498785340e-03
-5.045532483091271989e-03
-5.223312211827846850e-03
-1.533392279004171287e-03
1.179291245223099526e-05
-6.826262317676720266e-08
3.510809261349611561e-10
5.408098564994171567e-10
-1.176739030230572734e-07
2.466097276864339202e-05
-4.876714138265150073e-03
9.755221026850194876e-01
9.764722460533638015e-01
-5.834720404890698930e-03
3.817932861259211555e-05
-1.780528952070959583e-07
8.058189302722053957e-10
5.083347419507384490e-10
-1.177782553088329468e-07
2.689963228577339871e-05
-6.030911577590418980e-03
9.756425463694535782e-01
9.732551756989190617e-01
-8.651717980021811708e-03
-1.893980757066658464e-03
7.222427024561039332e-06
-2.763284293596873585e-08
3.946922598122380097e-10
-7.667028091286786267e-08
1.322047116617961472e-05
-1.700457958242545912e-03
-5.879276121950447256e-03
-7.903578784891864689e-03
4.892083330840860667e-01
4.926548418418897901e-01
-1.906058760717884923e-03
7.398936610021513826e-06
-3.020044745302041079e-12
5.879345677306134917e-10
-1.016307380877737440e-07
1.312025100047442792e-05
3.825397638672629316e-05
-1.897295589693798147e-03
4.925737503059245959e-01
4.925283555686340020e-01
-1.939360751422404333e-03
7.620619683352512108e-06
1.736345067634964875e-14
-3.387393884525664899e-12
5.869121069029141739e-10
-7.601421927842021475e-08
-1.780523721370057640e-07
7.248476068442550300e-06
-1.905403157148962854e-03
-1.875736917951403501e-03
7.329072425356514557e-06
-2.858023075521650378e-08
-8.874958238913999769e-17
1.734848552556016424e-14
-3.012191697281943157e-12
3.911234553666357865e-10
8.047015195225744816e-10
-2.778410331878024975e-08
7.395066742423507571e-06
7.129994381652156261e-06
-2.764146601012085139e-08
1.069497369540227939e-10
