-8.649372897436288863e-07
2.461304097688290062e-06
-1.674053827219602712e-06
-4.309359274703864276e-05
4.035438853247402986e-04
4.039993187130268282e-04
-3.129291686365751751e-05
1.040271535878383282e-05
2.342047484475104661e-06
-1.350879056888283346e-06
2.461304097687964801e-06
-4.532824810891803759e-06
-2.287219677108744131e-05
3.243797104079491206e-04
-2.354190293883968305e-03
-2.351570751605212839e-03
2.528032143248159364e-04
-9.558931556879948083e-05
-4.624468524840074680e-08
3.921390291891535093e-06
-1.674053827217217467e-06
-2.287219677109221180e-05
2.792854493968328911e-04
-2.142594915710345493e-03
1.313114580315748181e-02
1.308998591320334470e-02
-1.728358485162694025e-03
6.972712992981289909e-04
-6.675558440118016523e-05
-2.832413585563025153e-06
-4.309359274704471429e-05
3.243797104079629984e-04
-2.142594915710338555e-03
1.306348339786306267e-02
-7.204391533272422321e-02
-7.169588178482405594e-02
1.071003437178094653e-02
-4.503606232446243085e-03
6.512358969220366500e-04
-6.898533003103676483e-05
4.035438853247476712e-04
-2.354190293883989121e-03
1.313114580315739854e-02
-7.204391533272425097e-02
3.740021456738638062e-01
3.715768101617104024e-01
-5.888738055010739325e-02
2.626769797575219390e-02
-4.502890888917206180e-03
6.862875405067329557e-04
4.039993187130268282e-04
-2.351570751605216308e-03
1.308998591320340021e-02
-7.169588178482394492e-02
3.715768101617097918e-01
3.867898911953456254e-01
-1.440421899905134917e-01
-5.888795065224999847e-02
1.070738148641739440e-02
-1.695484179202198793e-03
-3.129291686366879321e-05
2.528032143248454267e-04
-1.728358485162756475e-03
1.071003437178100204e-02
-5.888738055010730998e-02
-1.440421899905135472e-01
3.867943512116407967e-01
3.715659730738170574e-01
-7.162018445835977021e-02
1.265728608531355159e-02
1.040271535878990435e-05
-9.558931556881682806e-05
6.972712992981584812e-04
-4.503606232446215329e-03
2.626769797575199961e-02
-5.888795065224994296e-02
3.715659730738174460e-01
3.739764990857984417e-01
-7.196862243791091185e-02
1.269966098908759111e-02
2.342047484472468695e-06
-4.624468523902239801e-08
-6.675558440120380084e-05
6.512358969220758981e-04
-4.502890888917247814e-03
1.070738148641750542e-02
-7.162018445835988123e-02
-7.196862243791085634e-02
1.305416901942774155e-02
-2.098648316381429568e-03
-1.350879056887310106e-06
3.921390291887986025e-06
-2.832413585552709986e-06
-6.898533003105590099e-05
6.862875405067546397e-04
-1.695484179202247366e-03
1.265728608531356547e-02
1.269966098908757030e-02
-2.098648316381436507e-03
2.823646886694168578e-04
