1.536766235324316998e+00
-2.220270769700149138e+00
1.495499171438056107e+00
-9.082492039317596744e-01
5.563000803392609273e-01
-3.509815401492089038e-01
1.775553360222175137e-01
-6.500997905448713254e-02
-2.925810500657277657e-02
7.383790699234493715e-02
-1.601777932117338432e+00
2.042567314641235310e+00
-1.400476749107203212e+00
8.288037921590416524e-01
-4.250759323316761762e-01
1.849307515161517923e-01
6.038223454057822792e-02
-2.723978527215002998e-01
5.015634246884896896e-01
-5.104826690515151810e-01
1.339895858191342271e+00
-1.457087803118990887e+00
9.447712917058406212e-01
-5.192971307676447212e-01
1.786973573647323565e-01
7.216255667091697745e-02
-3.746155649641869090e-01
6.811662568854632838e-01
-1.029843998110720804e+00
8.004434293866307115e-01
-8.126024988214819444e-01
7.916084994132172037e-01
-5.719488495203525202e-01
3.849217969095608538e-01
-2.386182277279627062e-01
1.868691894050060753e-01
-1.621148424232146112e-01
1.785498396983324909e-01
-1.504063884286779285e-01
-2.233385449385316690e-01
4.764468356379432112e-01
-4.355280154281755967e-01
3.393886542112687921e-01
-2.447750466063768338e-01
1.629158405655248831e-01
-1.442052429412075121e-01
1.476941797331292605e-01
-2.075500992154735158e-01
2.636868531508902436e-01
-1.660581542041121850e-01
-3.063211263175721344e-01
2.749622721256215208e-01
-2.225813715000257709e-01
1.629369743920176528e-01
-1.097911351159768234e-01
9.933937630876910063e-02
-9.910255140502544080e-02
1.280034066207464960e-01
-1.217817099174371975e-01
1.096671588648474582e-01
1.943454084951808380e-01
-1.728856060618554624e-01
1.415153471873364377e-01
-1.016740110883261883e-01
6.681134116325826433e-02
-5.755387801027511685e-02
5.667571088247180811e-02
-7.401014836052155488e-02
6.451485254895583665e-02
-5.590847940592436061e-02
-1.193227061496205110e-01
1.032800716824939513e-01
-8.330264441012297238e-02
5.668273487037719938e-02
-3.485659340244362525e-02
2.951566640380176576e-02
-3.103926439246662561e-02
4.305820504341584254e-02
-4.163829836736887557e-02
3.071022157729652591e-02
6.156525420183101005e-02
-5.691882025730338884e-02
4.647578754164496950e-02
-3.139428732358680307e-02
1.924046159200037964e-02
-1.581695280867806419e-02
1.606851500932093835e-02
-1.937522399069657730e-02
2.231105625143281479e-02
-1.611761849576565098e-02
-2.365499960221640469e-02
2.367140201261552432e-02
-1.979158972597129182e-02
1.338903038094451520e-02
-8.215805968769029910e-03
6.537106456461966308e-03
-6.357633738180129557e-03
6.952932717894877435e-03
-7.691969536786580353e-03
4.500386217814789092e-03
