1.399510259686849167e-01
-2.190350589610261522e-01
2.827851939550782845e-01
-2.348580919408504997e-01
-1.329721190563759592e-02
1.756155306969731100e-01
-3.323333963874119945e-01
1.627899594108725978e-01
-7.907331505484194167e-02
3.399682380700141948e-02
-3.801462019958989913e-01
5.983200661280534405e-01
-7.611214073081100651e-01
6.286033645646966761e-01
8.651817359350388870e-03
-4.278496220151737361e-01
8.799735125335246266e-01
-4.567852323557417549e-01
2.291769992197032479e-01
-9.818932426662740909e-02
7.747113805489789229e-01
-1.241756601314136788e+00
1.565322293609824555e+00
-1.314148986010877707e+00
1.478923838194532436e-01
5.993302131764721707e-01
-1.590316707136025798e+00
8.920301150674276869e-01
-4.691173743435683718e-01
2.017038029620152884e-01
-1.439517936656557140e+00
2.392142423484983738e+00
-3.043454753433252336e+00
2.705652064396417700e+00
-9.216732335498818429e-01
-1.721137648746662308e-02
1.973854101318465837e+00
-1.241270298929521232e+00
7.109384573207080393e-01
-3.152193330449790665e-01
2.269464753811007540e+00
-3.932356286355570774e+00
5.109011321936122840e+00
-4.892811530567996670e+00
2.864820793574835989e+00
-3.100885600290894217e+00
1.321762905154173495e-01
1.764522817938996013e-01
-2.670226070263197471e-01
1.733845290100362035e-01
-1.002767894815406180e+00
1.400216822216862056e+00
-1.163898716720723314e+00
-4.396492289397428976e-01
3.086143731001357082e+00
1.367883115348377032e+00
-6.481879799357557204e-01
3.790370149472437333e-01
2.085957767417312425e-02
-8.976749787166227179e-02
1.896181653646635823e-01
1.464388766544288956e-01
-1.152465821272016910e+00
3.501542699148558313e+00
-6.641395307276980020e+00
1.509255971788661554e+00
3.741607276724607800e-01
-4.902631946106339456e-01
-3.163344184395100456e-02
9.927209129750735883e-02
-6.051810298731652438e-02
-1.612644107490268652e-01
8.217435438455140684e-01
-2.426101380036925548e+00
4.217413936201410252e+00
1.143355923276430985e+00
-2.169235915868739539e+00
1.122859295798207313e+00
-9.770215947719407268e-02
-7.312297180453697365e-02
4.267666101757185970e-01
-8.924358031454175944e-01
1.172875284290967102e+00
-8.630592097615590319e-01
1.820827212450240040e-01
-1.844675413215554727e+00
6.773396339144710510e-01
1.089855430783472912e+00
-1.305507867982214520e+00
6.729499636086302417e-01
-3.509385284356767443e-01
8.117718683031398541e-01
-1.242615161270805402e+00
1.398307452172502963e+00
-1.311613010731434770e+00
1.650590302400587461e+00
-8.452967121713754750e-01
-3.349177009364439073e-01
6.912131124836946583e-01
-4.162317668637456336e-01
