5.555622185439700556e-15
4.073116148727295502e-13
6.397710296847220463e-12
3.510803508168695988e-11
1.884248945744550167e-10
1.884226270493487212e-10
3.509855461563627221e-11
6.388244577739810067e-12
4.049725216705685334e-13
5.482363201955615788e-15
4.073116148727296007e-13
-1.972899334854390185e-11
-8.848999984643850131e-10
-1.043627429895491325e-08
-7.051349126723590230e-08
-7.051339758889542307e-08
-1.043594222455583393e-08
-8.845713912882673869e-10
-1.965902715344054352e-11
3.837472867352225561e-13
6.397710296847222886e-12
-8.848999984643853233e-10
6.144854260710810162e-08
1.761702591237200759e-06
1.673578424096113711e-05
1.673581294982410820e-05
1.761890602646751182e-06
6.163695580319353302e-08
-8.497929373351912159e-10
1.279288296556342948e-11
3.510803508168697927e-11
-1.043627429895492317e-08
1.761702591237202029e-06
-1.759199044585863891e-04
-3.170641468405327630e-03
-3.170651019776148626e-03
-1.759903981970934632e-04
1.691188716320093055e-06
-2.087253406278965378e-08
-8.503447426694113087e-10
1.884248945744539827e-10
-7.051349126723582289e-08
1.673578424096112694e-05
-3.170641468405328497e-03
4.877213553824805148e-01
4.877230556361273894e-01
-3.153904805662362254e-03
3.347155568555502334e-05
1.691188823579557529e-06
6.162489770950979746e-08
1.884226270493495484e-10
-7.051339758889547600e-08
1.673581294982410820e-05
-3.170651019776147758e-03
4.877230556361275005e-01
4.875453740492139976e-01
-6.341281167010989935e-03
-3.153904805666418471e-03
-1.759903974469498365e-04
1.761783610354207430e-06
3.509855461563642731e-11
-1.043594222455584385e-08
1.761890602646751394e-06
-1.759903981970933548e-04
-3.153904805662366157e-03
-6.341281167010992537e-03
4.875453740492139976e-01
4.877230556361149549e-01
-3.170651017043731035e-03
1.673532461696918444e-05
6.388244577739808451e-12
-8.845713912882675937e-10
6.163695580319351979e-08
1.691188716320088820e-06
3.347155568555503012e-05
-3.153904805666418038e-03
4.877230556361148994e-01
4.877213553824557013e-01
-3.170641465676963221e-03
1.673529590594177312e-05
4.049725216705683820e-13
-1.965902715344053706e-11
-8.497929373351897684e-10
-2.087253406278966370e-08
1.691188823579558376e-06
-1.759903974469498365e-04
-3.170651017043727999e-03
-3.170641465676963221e-03
-1.759199029581894687e-04
1.761595699801185767e-06
5.482363201955611055e-15
3.837472867352219503e-13
1.279288296556344725e-11
-8.503447426694127562e-10
6.162489770950979746e-08
1.761783610354206795e-06
1.673532461696917767e-05
1.673529590594176973e-05
1.761595699801185556e-06
6.142441266888112010e-08
