2.687914110788280908e-05
-6.772681864886109793e-05
1.220559226221551441e-04
-1.951686639715122240e-04
2.930948894426244067e-04
-4.173558894371431904e-04
5.529918947855261280e-04
-6.381728594557767309e-04
4.923992759769679761e-04
2.887258421560012778e-04
-1.935736961073963869e-03
2.657762646411043761e-03
-3.314479584664020706e-03
1.940821660264546722e-03
-6.268122418242150218e-03
4.842241444364958625e-03
-2.735802865516667737e-03
1.412921573712866419e-03
-7.043226128191637514e-04
3.419833742202005311e-04
-1.614657886211956495e-04
7.345430132771335607e-05
-3.154673760655257730e-05
1.225443617089427839e-05
-3.870973536657107417e-06
6.238329288595079181e-07
3.012508791293971866e-07
-2.705859931022638887e-07
-6.782892010395724647e-05
1.706627789539449935e-04
-3.068766625979879592e-04
4.891986044193163963e-04
-7.317583014967432575e-04
1.036635393375284764e-03
-1.363452950813748288e-03
1.552855599700198042e-03
-1.146438489019852014e-03
-8.743922073941590156e-04
5.077254276022458157e-03
-6.877907811281502859e-03
8.671284782254318202e-03
-5.202618020078375594e-03
1.650503129238245492e-02
-1.278608978844530952e-02
7.274822014893267408e-03
-3.794064093135318672e-03
1.915508800677478973e-03
-9.456434674517399941e-04
4.565077283114060691e-04
-2.142509172022855068e-04
9.648216152791100342e-05
-4.067504189639303824e-05
1.531148108309399181e-05
-4.621908850942213487e-06
7.725193181540301879e-07
1.128625470876026826e-07
1.225533043848758830e-04
-3.076614186301451781e-04
5.512702921992573835e-04
-8.745372451790522916e-04
1.299918560933921441e-03
-1.826142243160688849e-03
2.372553897225238018e-03
-2.640833917146423460e-03
1.791573148171465846e-03
2.016728310177740013e-03
-9.772367211539290111e-03
1.297088214854014154e-02
-1.661827356070588735e-02
1.031493934899430087e-02
-3.190268273808172239e-02
2.481684035583953118e-02
-1.426467246782792131e-02
7.544292616566750098e-03
-3.877245477451829458e-03
1.957743399133349271e-03
-9.728986356756230691e-04
4.745400394392529364e-04
-2.255657699009594452e-04
1.032292723606720308e-04
-4.465388273089399007e-05
1.774136884438726192e-05
-6.141768722864315855e-06
1.567506196290674447e-06
-1.967129739793849197e-04
4.923210773333241974e-04
-8.778765099024532503e-04
1.383317777976067475e-03
-2.037926578433157943e-03
2.828385303012659335e-03
-3.607279122920914460e-03
3.869462478219176660e-03
-2.233277276030953828e-03
-4.280573300082579635e-03
1.718397143498862079e-02
-2.221340057307230609e-02
2.904252090569059419e-02
-1.874644602094832635e-02
5.628698482555449800e-02
-4.401718917045371882e-02
2.562179266059771976e-02
-1.378171816213580314e-02
7.232450894523623219e-03
-3.746502250324468264e-03
1.921302821992654231e-03
-9.747524227043946610e-04
4.875014437510927223e-04
-2.389156296034311566e-04
1.137876667883785942e-04
-5.192017886121447212e-05
2.178417488152284420e-05
-6.989200436173514941e-06
2.969508274366372547e-04
-7.402801496834143791e-04
1.311781478978257809e-03
-2.048855270582627952e-03
2.982401592722894179e-03
-4.069458032887496302e-03
5.049224598057122648e-03
-5.098161142028878601e-03
2.038055630028567933e-03
8.727151199472871212e-03
-2.934703571887098406e-02
3.676270884127319505e-02
-4.921734521311549315e-02
3.307543739629181800e-02
-9.635027289834852127e-02
7.581321551523245716e-02
-4.475525438072480711e-02
2.452056129068935775e-02
-1.315561680719135040e-02
6.994847868490694509e-03
-3.698799103116989784e-03
1.945807804390575768e-03
-1.016429888208048027e-03
5.253327219045811347e-04
-2.671187641186678619e-04
1.318315387774382508e-04
-6.025437148454715341e-05
2.086611354672196494e-05
-4.258266640875252307e-04
1.056246177710384870e-03
-1.856505034036004531e-03
2.865657406590393919e-03
-4.102449150192200023e-03
5.459620398729825297e-03
-6.482827595773343887e-03
5.853333643832225874e-03
-2.149519210910000311e-04
-1.732465152421980292e-02
4.960242774497203300e-02
-5.988604402843122898e-02
8.245765435088969753e-02
-5.759603840078852954e-02
1.632432691507119671e-01
-1.293328235753818944e-01
7.748657963421123895e-02
-4.325959905101228742e-02
2.372402863362310654e-02
-1.293343049357886798e-02
7.034679014710221168e-03
-3.820036349790001395e-03
2.068372869242107726e-03
-1.113455514277994496e-03
5.926723474045658691e-04
-3.072344468598720013e-04
1.472362770598700799e-04
-5.293855671176239674e-05
5.698411589170060410e-04
-1.403681013216306894e-03
2.438793798172689264e-03
-3.699261824632316120e-03
5.158940978187587234e-03
-6.579306960864172993e-03
7.177643523789356550e-03
-4.871486910423605821e-03
-5.406180263715754108e-03
3.369422687978840258e-02
-8.322119013635642659e-02
9.584807441640919023e-02
-1.370376871045095868e-01
9.905142678712763882e-02
-2.750197002862648787e-01
2.195294170549288992e-01
-1.334901391731762033e-01
7.590342727006316181e-02
-4.249930468301954534e-02
2.370639555216058625e-02
-1.322013832090718211e-02
7.375105880065291331e-03
-4.111072309649799195e-03
2.283309725040094662e-03
-1.256076545959050605e-03
6.729730775520970099e-04
-3.322023775907956278e-04
1.221042210079459345e-04
-6.674004046103299004e-04
1.624275439362499185e-03
-2.763510960588355658e-03
4.052536635892778349e-03
-5.346244946723643920e-03
6.146222856605376705e-03
-5.118041235490311536e-03
-9.705954062306787478e-04
1.955290161223643963e-02
-6.456451716732658497e-02
1.379690599450213995e-01
-1.474574228928986486e-01
2.243563384696756202e-01
-1.648296493200405166e-01
4.578683122136339989e-01
-3.688092358609367238e-01
2.275382908255210168e-01
-1.316111279476643858e-01
7.508788261839072220e-02
-4.273733323370976223e-02
2.434571004366858915e-02
-1.388721526234348858e-02
7.922142360175854492e-03
-4.506218596775468654e-03
2.539330733041467170e-03
-1.392179163336226821e-03
7.009404565612165072e-04
-2.613140185884210709e-04
5.364567798349373362e-04
-1.257029911481577500e-03
1.990366722901981689e-03
-2.551265501372412814e-03
2.516047664308684872e-03
-8.843577389181511705e-04
-4.586552113249098284e-03
1.876924399432056134e-02
-5.198755021069700888e-02
1.215685796300931543e-01
-2.214836829414252861e-01
2.015022703656654812e-01
-3.517098897387427314e-01
2.465087086991388787e-01
-7.384283859943820971e-01
6.038645285395318751e-01
-3.781908422741935283e-01
2.222283068648209792e-01
-1.288881926255811550e-01
7.462009107307210343e-02
-4.325884590543438435e-02
2.511886595884149642e-02
-1.458942959105513637e-02
8.449460746930981259e-03
-4.846045312874025512e-03
2.700552512222564872e-03
-1.378329216680018732e-03
5.187745000866383904e-04
1.722022634340625302e-04
-5.739959618664691732e-04
1.453387144482398696e-03
-3.323320899434989428e-03
7.162512770264584105e-03
-1.484087666593225663e-02
2.993359561438069250e-02
-5.921187969549635000e-02
1.149979735732813424e-01
-2.117797189866905683e-01
3.107708427544366714e-01
-1.534943268783308667e-01
4.685692228488278488e-01
-2.363202880118251414e-01
1.080240157864295725e+00
-9.162978334352942511e-01
5.848330545725275442e-01
-3.488927956870782054e-01
2.051867619194638337e-01
-1.204193306507761463e-01
7.075785251396382591e-02
-4.163995412609722280e-02
2.450686785372013787e-02
-1.437810700852892865e-02
8.349226246677332597e-03
-4.705455821397919181e-03
2.423866728868517839e-03
-9.181251982235405507e-04
-1.207666452286204617e-03
3.214630498411530368e-03
-6.319933130527033427e-03
1.140136681876313673e-02
-2.002403476786440706e-02
3.486063420430696169e-02
-6.037798734865873485e-02
1.034050495512133239e-01
-1.712035855118756444e-01
2.497118370414455057e-01
-1.872669620779561228e-01
-4.909571912116916792e-01
-2.235974018552724374e-01
-3.858227592935463690e-01
-1.091211321820992453e+00
1.065741818195874657e+00
-7.081513865391571017e-01
4.307329559763104498e-01
-2.565164625351030736e-01
1.520718665181277629e-01
-9.018120834640797057e-02
5.353743612455019729e-02
-3.177774365162377990e-02
1.879782896479298415e-02
-1.100135544301750201e-02
6.244032302634039411e-03
-3.234964944095253259e-03
1.230214547730756891e-03
6.956391369956627102e-04
-1.845617496682550041e-03
3.607830653091781414e-03
-6.454217488297331329e-03
1.120387518104593028e-02
-1.911095055228884121e-02
3.154568213876984828e-02
-4.706127815620675392e-02
4.679489986273210889e-02
7.117903518621915282e-02
-7.272348310248162306e-01
2.726625710709981831e+00
-1.190880446658212577e+00
2.573421263732882380e+00
-2.480844436167899403e-01
-3.449159653416700166e-01
3.155437693490625861e-01
-2.085702968183227313e-01
1.271503318814097838e-01
-7.560941771663465261e-02
4.464526022466941413e-02
-2.631988619512526384e-02
1.550040711450861863e-02
-9.097292128085854301e-03
5.285633349311424922e-03
-2.981434061510412903e-03
1.537328970458773370e-03
-5.828239770653276253e-04
-2.166137104531173918e-03
5.732675597762693087e-03
-1.116691635502320423e-02
1.990288937508921663e-02
-3.447882188098105871e-02
5.915404502110277463e-02
-1.007706707797524359e-01
1.686634762297671841e-01
-2.674047448963392526e-01
3.478075894070116192e-01
-9.666284431114036124e-02
-1.165162658712688426e+00
2.689355048810284643e-01
-1.019618932056346239e+00
-1.202276971444007359e-01
3.387701777462552855e-01
-2.576785933830478825e-01
1.625866931337895949e-01
-9.749055544108387039e-02
5.755616635519800184e-02
-3.385439289439773347e-02
1.991119003730545955e-02
-1.170928604449272825e-02
6.866996428627203386e-03
-3.988564745391443012e-03
2.249701285091276759e-03
-1.160109776767725975e-03
4.398520109880621476e-04
2.844458139655614559e-03
-7.536956242924830462e-03
1.470193058973734423e-02
-2.623420028439227281e-02
4.547591431195741052e-02
-7.798519821213290015e-02
1.324363428504398144e-01
-2.192954141751499719e-01
3.356787423313107865e-01
-3.777985997038513233e-01
-2.106159546459025478e-01
2.551283882514439938e+00
-1.017068369322203125e+00
2.433825818698835519e+00
-6.923182908419676096e-01
9.977425049424937242e-02
1.812012190646328236e-02
-2.699215491654172183e-02
1.857348233761513256e-02
-1.093516343240708011e-02
6.118063950083296731e-03
-3.356164965129693201e-03
1.824015836771053500e-03
-9.845958417553646314e-04
5.273117570663288234e-04
-2.764821854683852109e-04
1.344828038198908615e-04
-4.903202296457909171e-05
-6.164918073205072346e-03
1.623554587314046671e-02
-3.139633109131167998e-02
5.546021141471157989e-02
-9.516478271048356419e-02
1.618838500663741797e-01
-2.745775243764114748e-01
4.631095590903839820e-01
-7.648446088343234806e-01
1.159515022296886855e+00
-1.224125069889510087e+00
-2.342279490756027371e-01
-5.362066484783554188e-01
-3.210632682373670832e-02
-3.554460194815192153e-01
3.018919810400575443e-01
-1.905113172843471148e-01
1.119464701797028283e-01
-6.455774659499979862e-02
3.700698910193978008e-02
-2.117480570915830640e-02
1.211394973884694082e-02
-6.931019843392505209e-03
3.958118511429020714e-03
-2.241692698268238360e-03
1.235697918067657497e-03
-6.252422270978108543e-04
2.339409952075710564e-04
4.857889509422896879e-03
-1.283569275916462971e-02
2.494335425683757990e-02
-4.433369216902605103e-02
7.661147466122031346e-02
-1.313397347998943587e-01
2.247278935723215909e-01
-3.832475269380211103e-01
6.440932412888287217e-01
-1.013320189111368563e+00
1.217912306236257791e+00
-3.856061321240531470e-01
7.245016740058645155e-01
-5.099305984444981732e-01
4.603373172195688312e-01
-2.685824685893294372e-01
1.412730770903181110e-01
-7.309165039734466518e-02
3.770923214997878858e-02
-1.928304515499945637e-02
9.688744980536512230e-03
-4.738891203738049285e-03
2.228852883010112862e-03
-9.881397231499278178e-04
3.981547336899815548e-04
-1.354058548179715160e-04
3.243767607763459182e-05
-2.561260898259476448e-06
-2.936081721794492339e-03
7.800051878261271554e-03
-1.527887691542240134e-02
2.742623954650369456e-02
-4.792362710162123562e-02
8.313034663918017486e-02
-1.439684359883983689e-01
2.485816105381530861e-01
-4.233667126540581194e-01
6.771307689961645337e-01
-8.409231269350811999e-01
3.495188924482022230e-01
-5.163013159090041881e-01
4.239424747378279790e-01
-3.113006969492175813e-01
1.510818838138447973e-01
-6.316867481993426736e-02
2.339268010366879480e-02
-6.477178557695140171e-03
-2.362657858938632671e-04
2.475414882596282951e-03
-2.827910165482450111e-03
2.466656214333617925e-03
-1.908921936700780364e-03
1.364300507373794602e-03
-8.991340263271307975e-04
5.179336866282246987e-04
-2.104843215248730637e-04
1.615828979691924516e-03
-4.325513326578711570e-03
8.566855068335321732e-03
-1.558625976960037463e-02
2.764146878848983135e-02
-4.868885818812529465e-02
8.561594908912439905e-02
-1.500177932173016870e-01
2.590658730386650177e-01
-4.196837709385476956e-01
5.283179926995273945e-01
-2.314392171492158923e-01
3.275846253982308554e-01
-2.839994403382206656e-01
1.900320978992340315e-01
-7.830173070212254061e-02
2.284610877160275777e-02
-1.208322221863511459e-03
-5.774042294962811184e-03
7.000641450906286423e-03
-6.194904466712003455e-03
4.859394851553844319e-03
-3.566348634199911771e-03
2.497185660783607375e-03
-1.673562813171436403e-03
1.056611371490490114e-03
-5.918640317328360823e-04
2.365909994529458160e-04
-8.462768373110884923e-04
2.288533218981259054e-03
-4.598213409670925955e-03
8.510761470737371326e-03
-1.537482172920867640e-02
2.759215766679901094e-02
-4.940469712468953389e-02
8.804567970774712649e-02
-1.543704338728986158e-01
2.532112554170424801e-01
-3.214529655768956218e-01
1.411067322524672818e-01
-2.015934930164462457e-01
1.800682881206796537e-01
-1.137793153645532129e-01
4.003471576609740623e-02
-5.798949050550561424e-03
-5.855613821484695336e-03
8.337439253702783049e-03
-7.608152152969616111e-03
6.022337108460007471e-03
-4.440472590555799570e-03
3.130277928077518368e-03
-2.130304261739546234e-03
1.398107996794184515e-03
-8.692416544919812083e-04
4.817244317992797065e-04
-1.912970437638605858e-04
4.262407221768960142e-04
-1.168221060841689862e-03
2.391270108872634026e-03
-4.522454657185814852e-03
8.355996821412858822e-03
-1.533154657550994671e-02
2.803129157065420429e-02
-5.091684800639484365e-02
9.076985906044399144e-02
-1.508485199461802040e-01
1.929064022557298586e-01
-8.362033320794637348e-02
1.224346331685666200e-01
-1.115815392695935770e-01
6.748079730542144716e-02
-2.004725426108677766e-02
-8.404440623657194465e-04
7.034451520262052782e-03
-7.567245257330768027e-03
6.330355838144896552e-03
-4.788561697761650748e-03
3.428437392308580911e-03
-2.365795425465222479e-03
1.583807548098725704e-03
-1.026141796736101952e-03
6.316731974214118139e-04
-3.475611865026984049e-04
1.373940235502302265e-04
-2.074539336839320569e-04
5.788438722199029662e-04
-1.213658198809253186e-03
2.357804936129914708e-03
-4.475755599434805276e-03
8.425328699714462743e-03
-1.576992969215318396e-02
2.924732258318485378e-02
-5.307147537763512446e-02
8.940478421148867483e-02
-1.151409967335155216e-01
4.902542196562365007e-02
-7.382323196067375193e-02
6.834202969361058422e-02
-3.973589197960336605e-02
9.646412532731574174e-03
2.992702256197077304e-03
-6.209112863623467149e-03
5.965050902359436691e-03
-4.763162695189393503e-03
3.504738504694238088e-03
-2.460537809898077910e-03
1.672216914707647106e-03
-1.105744230028182784e-03
7.092215840625026857e-04
-4.330939510746034671e-04
2.368857894119447138e-04
-9.328541247374810830e-05
9.729376504732933917e-05
-2.782330307565250571e-04
6.021193625962428797e-04
-1.209834452799207760e-03
2.371987375358930450e-03
-4.598092770931927475e-03
8.831875832389535219e-03
-1.674804740056501373e-02
3.095579326008746079e-02
-5.287316206021941412e-02
6.856376832071475746e-02
-2.860350552273871472e-02
4.437807292512019330e-02
-4.166452242718321486e-02
2.332354847249007435e-02
-4.365447552387990982e-03
-3.250520871915796306e-03
4.871092189263848127e-03
-4.388113898374790267e-03
3.397611617723228505e-03
-2.450397507534063379e-03
1.694517330570910474e-03
-1.137540762651934045e-03
7.444738636643855045e-04
-4.733898890030285855e-04
2.870513750772296646e-04
-1.561739293171604537e-04
6.128837474070336633e-05
-4.339823071047854697e-05
1.286514382333597828e-04
-2.907817292283620958e-04
6.101179738211559567e-04
-1.243765910204031044e-03
2.493408328519075567e-03
-4.926867950122648665e-03
9.564935779787120396e-03
-1.801655522312373137e-02
3.120147371922854518e-02
-4.073478901400662266e-02
1.663747757652345172e-02
-2.663532832207593515e-02
2.534583515762633965e-02
-1.367221554079378620e-02
1.782945691743975658e-03
2.793952366324958803e-03
-3.578494076977634109e-03
3.089656990582945184e-03
-2.338684421664183333e-03
1.660356255572370543e-03
-1.133993855013226693e-03
7.533434773621117131e-04
-4.886217577793061650e-04
3.083178104830164301e-04
-1.857666059123519453e-04
1.005762914745300662e-04
-3.934302416355728305e-05
1.789768018460764776e-05
-5.622188721284004931e-05
1.354282614245833072e-04
-3.010111940411341891e-04
6.436667699029063883e-04
-1.341046549879543193e-03
2.732843977164556293e-03
-5.437414192027922866e-03
1.044015405707554578e-02
-1.833004107942493022e-02
2.408885378635616803e-02
-9.635073157122420184e-03
1.592692341666079869e-02
-1.535437790448312967e-02
7.991154717743143010e-03
-5.876914608755612335e-04
-2.149757217591030667e-03
2.508390082110123487e-03
-2.101057056765220921e-03
1.562738133254359951e-03
-1.095342642106977848e-03
7.402998241365921217e-04
-4.873791970108065641e-04
3.136192425671202599e-04
-1.965278721842711462e-04
1.177240046014160768e-04
-6.345059908319239383e-05
2.474616608785784599e-05
-6.422588657279890145e-06
2.248516695832654400e-05
-5.993873301836372125e-05
1.442333951098551115e-04
-3.271187508032680213e-04
7.119593608966301446e-04
-1.499417170256922560e-03
3.059089715694351952e-03
-5.985994366751512530e-03
1.064989708367569676e-02
-1.408440514543407573e-02
5.523356029964787695e-03
-9.418159116592939029e-03
9.190945910074077574e-03
-4.625659249951397101e-03
8.616764954627598172e-05
1.531494693400858864e-03
-1.681795921091300272e-03
1.377543376448020496e-03
-1.010610241677145638e-03
7.009840988834170616e-04
-4.696231498229064272e-04
3.067943324663868765e-04
-1.960543983897666820e-04
1.221050351445374105e-04
-7.276184266491458885e-05
3.905708859695822266e-05
-1.519099754945102410e-05
1.698837634376421102e-06
-7.731882566613945684e-06
2.462475408065989413e-05
-6.620342311222660037e-05
1.611281185553425921e-04
-3.676951746461321058e-04
8.006408813963084015e-04
-1.673528811880764522e-03
3.333278661521443809e-03
-6.002616147673833780e-03
7.983950566342379318e-03
-3.076203639539087931e-03
5.394256079156445338e-03
-5.320898875359247882e-03
2.599496393732358968e-03
8.161695077024688771e-05
-1.006976339850362834e-03
1.061580534338690818e-03
-8.553800796615718127e-04
6.209425200434104397e-04
-4.271497780348187945e-04
2.841370873757353976e-04
-1.844372742417776934e-04
1.171801569260222387e-04
-7.260137482034689782e-05
4.306894324138110797e-05
-2.303695144242889903e-05
8.938831342873015950e-06
-1.012966226784234314e-07
1.984178303975764335e-06
-8.958496720994080231e-06
2.792039277848407108e-05
-7.340761269922224663e-05
1.754452087147639894e-04
-3.937961287411861910e-04
8.406460401556570261e-04
-1.699543051130847360e-03
3.091299360562071996e-03
-4.130959643254161762e-03
1.569055886194714589e-03
-2.814267380399915197e-03
2.799704093456867326e-03
-1.335467377927113120e-03
-9.694583367192421974e-05
5.790495089329494860e-04
-5.943290735321848928e-04
4.734519387241675759e-04
-3.410915099498756931e-04
2.332132128147756944e-04
-1.543052931854971277e-04
9.967498282548170607e-05
-6.304407703078274139e-05
3.890175432892661878e-05
-2.299626755085382168e-05
1.226610507394643168e-05
-4.750577614228562728e-06
-1.581661111026231442e-07
-2.423173873439612991e-07
2.439595573533112627e-06
-8.984909796855115871e-06
2.532289298372292219e-05
-6.282022715756174769e-05
1.442785285223624481e-04
-3.127486225256714825e-04
6.390084640777171643e-04
-1.170413708298179145e-03
1.569121491416414216e-03
-5.902042641878768592e-04
1.074902689477075235e-03
-1.075434897405136425e-03
5.046685499447978174e-04
5.111570024185496663e-05
-2.350480534920040832e-04
2.374452444016128538e-04
-1.878278089333385026e-04
1.346733160189628187e-04
-9.172168199225727570e-05
6.047773777725917732e-05
-3.894154130382188050e-05
2.455737571363525440e-05
-1.511226861659886733e-05
8.912347851865176640e-06
-4.744900841955820847e-06
1.835342505016913928e-06
