-1.288210568087667925e-16
1.970431419957310647e-14
1.513387282461640795e-12
4.694777506549634675e-11
1.824236064400247782e-09
1.519421869570819581e-09
1.060677854125476963e-11
2.484349383842479014e-13
1.574815569646188615e-15
3.559649197543349179e-18
4.804538148405679873e-15
1.002506374796405188e-12
-2.634328107388474379e-10
-1.592144511823205203e-08
-4.838398692952292290e-07
-3.001620943637797744e-07
-2.293122519462048977e-09
-2.927405571914022076e-11
-1.945019717570203173e-13
3.541946115443641772e-15
4.968967545603875509e-13
-5.182437537383439741e-11
-7.737480612756040970e-09
3.696633905114584459e-06
1.107002232683449274e-04
5.312693943976109633e-05
1.660471547329745419e-07
5.508746362427588925e-09
-4.802340268625187923e-11
6.371596293101260293e-13
1.835773358363596877e-11
-4.586418613087493595e-09
7.897649020548159424e-07
-2.176177091805077149e-05
-3.662808490496208963e-02
-4.928414059018404632e-03
-5.636464972141747980e-05
3.785330190131544034e-07
-5.982754999420089507e-09
-4.796421178300849841e-11
2.800746550024974141e-10
-8.421337051986136924e-08
2.240340992594663046e-05
-5.853344523573307881e-03
9.852951710204221891e-01
9.849158360988951033e-01
-6.505172173711054259e-03
7.639306749732024514e-05
3.784712546265818988e-07
5.497048496369944448e-09
2.177712792808662136e-10
-6.389101548260610181e-08
1.684817164752734669e-05
-3.938670772573897236e-03
9.854103967487028992e-01
9.857762662722173719e-01
-1.137477480984185468e-01
-6.505328891409541126e-03
-5.635771440534282858e-05
1.679188294040575574e-07
-6.928835523134305872e-12
4.129886294941728364e-10
-1.464961996990791059e-08
2.396847751995617189e-05
-2.441444705638104451e-02
-1.065207923802442141e-02
9.857762637690637986e-01
9.849157405843866897e-01
-4.929318403809317822e-03
5.295542514348845151e-05
1.745757122835913442e-13
-1.966166597854582225e-11
-2.161486099833707896e-09
1.522690370136146627e-06
1.611053635291470891e-04
-2.442341889560396481e-02
9.854104986182240511e-01
9.852946826619660703e-01
-3.658935960168838153e-02
1.118688627434572214e-04
-3.206060282394762627e-16
6.660563000092428507e-13
-1.347565821118334872e-10
-1.500599464428043777e-08
1.523279370315004575e-06
2.401250266590081942e-05
-3.939101500183688279e-03
-5.850854743769451360e-03
-2.204224124092961034e-05
3.687362262612012385e-06
-8.293196615711134697e-17
8.953141140550045853e-15
1.688697901383533955e-12
-1.347673306456978456e-10
-2.169647462063636240e-09
-1.468264580271568303e-08
1.683113156734023232e-05
2.244339073072378220e-05
7.909043334643551775e-07
-7.714968217426738118e-09
