-9.959255513184239739e-02
2.135836488980911163e-01
-3.268498044623999732e-01
-1.154225062206726271e-01
3.761255849558282627e-01
-1.657094995621486433e-01
9.336404032724043844e-02
-1.176022067066160304e-01
-9.051152788676297689e-02
9.253263004481215859e-02
5.725308522260563748e-02
-1.351816312967097922e-01
-1.539200539632812337e-01
3.743598842027644480e-01
-1.150370875850690311e-01
-6.258397453730975002e-01
6.329582821195298692e-01
-4.120556895719458268e-01
4.815429724745463602e-01
-3.136663031249415923e-01
8.920992539989214265e-02
-4.704140434263237580e-02
3.864793010857532352e-01
-1.228795176599231098e-01
-4.727128838391756460e-01
3.141692887920584099e-01
3.792632555032628972e-01
-3.483943560031121933e-03
-6.797813255051448067e-01
2.468850464881846563e-01
-1.759518699476014802e-02
-2.201828303071557968e-01
-1.667233972571935396e-01
2.878188448758178808e-01
3.172339706152982330e-01
1.762090424066578009e-01
-8.236036302494014194e-01
-1.881051016140773413e-01
6.251424715731517257e-01
-5.160199849917690429e-02
-1.089371366044806777e-01
3.030603245562346615e-01
-9.469369154040840897e-02
-5.474641313515213881e-01
-3.573427233984505236e-02
3.205884847055884279e-01
7.164737078457577013e-01
-5.218315233867674152e-01
7.858603102731738232e-01
-5.773514351220736529e-01
5.083360018317719664e-01
-2.814097349165898265e-01
4.358932558045225392e-01
7.204502338742457823e-01
-6.312429329083979468e-01
-2.536268179501313114e-01
3.070597237752714648e-02
8.699001906009753426e-01
-1.481345498968673624e+00
9.637477584336133773e-01
-2.489108348920181513e-01
-1.098616087935734953e+00
1.153991560480854162e+00
-9.970936879754024318e-01
6.066912987197259355e-01
9.083752292649194260e-02
-1.650959231265876070e-01
-9.714210870303432444e-01
1.572459607975304152e+00
-1.306737000472674382e+00
1.214836238657355239e-01
1.234356046441334342e+00
-3.954823575067791808e-01
-1.065647983824888456e+00
8.093647556182430591e-01
7.850045881009393156e-02
-2.993416595035496286e-01
8.417151756121867834e-01
-2.490541855488510592e-01
3.914687677614372419e-01
-1.107642554315724226e-01
4.313316486254512583e-01
-6.111197953460778542e-01
4.209212072183312614e-01
4.820524427949131052e-01
-9.331369774515252402e-01
-6.448564366686149185e-02
4.946222678909713011e-01
-5.979500747386656823e-01
1.672519538031176367e-01
1.864655761491018637e-02
-4.944838017578883083e-01
5.067487101064909183e-01
-4.269715197858658939e-02
-2.518174312620704569e-01
-7.176276469969078420e-02
4.981637613514555696e-01
-6.661039337058012322e-01
4.461646061483941494e-01
-1.246825512931115654e-01
