4.843688482682847331e-11
4.844707019728722886e-11
-7.082962884340686637e-13
1.321209172162505776e-08
-3.535903371125697092e-06
-3.522690373937124513e-06
-3.522795095963640229e-06
-3.536007713232742239e-06
1.321246965125382824e-08
-5.370412817879130020e-13
4.844707019728712546e-11
4.845792777996724222e-11
-8.933618933593439878e-13
1.326450804314082266e-08
-3.549973378873098363e-06
-3.536808863909878797e-06
-3.509411492832716386e-06
-3.522676712120476858e-06
1.316417288479298107e-08
-3.522568805641489027e-13
-7.082962884338618686e-13
-8.933618933588269999e-13
4.954271465068495008e-11
-1.349952113052631269e-08
3.625089255131650005e-06
3.638253566666817241e-06
-3.536121121986381486e-06
-3.522571876026756499e-06
1.311461892238014365e-08
-4.950686805071433382e-11
1.321209172162498994e-08
1.326450804314081935e-08
-1.349952113052652445e-08
7.084774913067943338e-06
-1.875175441677118682e-03
-1.875162176280551016e-03
3.534751720711628599e-06
-3.563522530011113544e-06
2.648073555930909551e-08
1.316292335191882215e-08
-3.535903371125698363e-06
-3.549973378873100481e-06
3.625089255131680498e-06
-1.875175441677120851e-03
4.900869857978732980e-01
4.900869722486271285e-01
-1.871550302638499801e-03
7.250228106070456780e-06
-3.563472375349322434e-06
-3.535853122047429917e-06
-3.522690373937120278e-06
-3.536808863909875832e-06
3.638253566666822323e-06
-1.875162176280550149e-03
4.900869722486269620e-01
4.900940705228786776e-01
-3.750350833572029061e-03
-1.871550302826810539e-03
3.534801698014279744e-06
-3.549353681997009303e-06
-3.522795095963632182e-06
-3.509411492832710456e-06
-3.536121121986376828e-06
3.534751720711587942e-06
-1.871550302638494813e-03
-3.750350833572029061e-03
4.900940705226842220e-01
4.900869722482428803e-01
-1.875162126099868924e-03
3.624916185007079887e-06
-3.536007713232727416e-06
-3.522676712120467540e-06
-3.522571876026748876e-06
-3.563522530011108038e-06
7.250228106070418664e-06
-1.871550302826808371e-03
4.900869722482426027e-01
4.900869857972977583e-01
-1.875175391318502534e-03
3.611703567735748485e-06
1.321246965125372898e-08
1.316417288479284872e-08
1.311461892238004108e-08
2.648073555930893007e-08
-3.563472375349314811e-06
3.534801698014266192e-06
-1.875162126099868057e-03
-1.875175391318505570e-03
7.084774557069607737e-06
-1.345083778624445994e-08
-5.370412817874218635e-13
-3.522568805642264509e-13
-4.950686805071423042e-11
1.316292335191881884e-08
-3.535853122047427376e-06
-3.549353681997008033e-06
3.624916185007073110e-06
3.611703567735775590e-06
-1.345083778624456582e-08
4.953668045076743536e-11
