-8.505982032334941323e+00
3.132708565743814688e+01
-3.785648232247331180e+01
3.472824980207951739e+01
-3.822378271777415648e+01
4.081701531558064744e+01
-3.683542217797366902e+01
2.002736776972596999e+01
-5.145673271341365762e+00
-7.686536995925052906e-01
8.572182722542493138e+00
-4.792306070129416184e+01
4.256666130274243187e+01
-2.015661706545506604e+01
3.699540101195452735e+01
-5.941469879535725340e+01
7.153079329719184898e+01
-4.632664872647728771e+01
1.420288255807827227e+01
5.810195470958205988e-01
1.381867030591820367e+01
1.674290141687379219e+01
-5.177666740404674783e+00
-3.425842542256577872e+01
5.797362978817545809e+00
3.761093493894441053e+01
-7.454490997505490668e+01
5.978798167023342103e+01
-2.161495652789017186e+01
7.626293034954869654e-01
-2.620415816994500346e+01
-3.091075718111824244e+00
8.614917283703107387e+00
4.234399262024089694e+01
-2.024042600263783243e+01
-2.391787575211492367e+01
6.164150735497241840e+01
-5.399537051003426313e+01
2.054700632000458427e+01
-3.811020232969895005e-01
3.021571884522563778e+01
3.021578131185378879e+00
-4.185474648105446249e+01
-3.526712482271250337e+00
-1.009739284653915092e+01
4.704529975820696563e+01
-6.887107078579720110e+01
5.278874846640974283e+01
-2.118300094918231480e+01
2.729293249649344943e+00
-3.014774940302595496e+01
-1.183460691466461867e+01
8.685518448374932632e+01
-6.729564424173440784e+01
7.422095422074198723e+01
-9.307613461653818376e+01
8.978991400293307379e+01
-6.018835807725554332e+01
2.750617564265849069e+01
-9.087360182908014394e+00
1.756712987010541838e+01
3.286307610050425865e+01
-1.122121075906907208e+02
1.116718409840250388e+02
-1.077086969590163790e+02
1.016115285647611017e+02
-7.973400374803168233e+01
4.995247014091000892e+01
-2.563608096464304253e+01
1.067718813434476033e+01
-1.234877714508911595e+00
-4.149710593176132534e+01
8.971871863788692281e+01
-8.576488473251811229e+01
7.052564957248978317e+01
-4.959920164912546170e+01
2.889773770939791575e+01
-1.540602890538866632e+01
9.744301951825036667e+00
-4.723412255902076140e+00
-5.618028343980768113e+00
2.889845591270932346e+01
-4.394398618534614798e+01
3.412329347321065143e+01
-2.165296179051074432e+01
6.339363385555770947e+00
3.625969671156781260e+00
-4.648450427252100781e+00
1.291090421698754653e+00
-2.070377260861278046e-01
2.207553140010531934e+00
-7.164899806530229398e+00
7.321132851986476453e+00
-1.981952914880821481e+00
-4.456013833554607118e+00
1.312824914584143698e+01
-1.889288927362213144e+01
1.785911666696119937e+01
-1.124334009345329832e+01
3.964373027011788508e+00
