-2.102820870145549748e-01
5.323578604945140569e-01
-9.067878235004229737e-01
1.033748909701671437e+00
-9.513304431224014479e-01
3.421341627575884559e-01
2.027549788474289016e+00
-2.081410730189872993e+00
1.376543169548767764e+00
-5.354633747596722060e-01
3.050544851781182842e-01
-8.252097993070321991e-01
1.497367543183941052e+00
-1.724772780707439779e+00
1.900641521079364793e+00
-1.618304275064019748e+00
-2.768051237734425740e+00
2.980892341149001368e+00
-1.979380730641537411e+00
7.094027973450067748e-01
-3.420990952399449725e-01
1.031953248081208585e+00
-2.083171171400010735e+00
2.750671076810931481e+00
-4.170003946951737817e+00
5.927731801067238848e+00
4.872532818603758642e-01
-1.559918251439057713e+00
1.188553410601798532e+00
-2.749983767813546365e-01
5.672813509241336760e-02
-4.401463179767688416e-01
1.262966428727736456e+00
-1.702783485128065877e+00
3.933323444045299766e+00
-7.867034602275452926e+00
1.367820693390058295e-01
9.581747671550147061e-01
-7.598578208728667960e-01
-1.051535964112417787e-01
9.538281970591810932e-02
6.340723371596368452e-02
-5.460307688081229571e-01
4.354735628862727026e-01
-3.021049016284223399e+00
7.676214825336501235e+00
3.827536437020171434e-01
-5.722139132319625787e-01
2.828404108006452589e-01
6.587932362126593944e-01
1.999483463137323724e-01
-6.677581375659542573e-01
1.399151213744517008e+00
-1.399992177541548699e+00
3.977494152896497326e+00
-5.604450420858711368e+00
-9.596118785725593625e-01
-6.634521764190139947e-01
8.261794726166158398e-01
-1.662172477956559646e+00
-4.335069566656812867e-01
1.010819923516436347e+00
-1.648925413990809830e+00
1.664545519365901782e+00
-4.013420176645809079e+00
5.199490081127578378e+00
-1.789020346111783510e+00
3.731181744134914879e+00
-2.204607082967200427e+00
2.656247444406695024e+00
-5.128640802052331082e-02
2.045613074646581708e-01
-4.769518352175907694e-01
1.065752043518045866e+00
2.201700065304521559e-01
-9.460612846805815934e-01
-9.341850314876865014e-01
2.591267182058004437e+00
-4.838895595996433485e+00
1.119254729929963332e+00
1.882035599825471195e-02
-1.033603592598453247e-01
2.455371652843041375e-01
-3.826639343891997669e-01
-8.154180712082279570e-01
1.375727229840776999e+00
1.902835652666453825e+00
-5.061116249748181417e+00
7.476808196834809905e+00
-2.889057952093423864e+00
7.480500747474749801e-03
3.762471280008838903e-03
-1.820521489975135410e-02
-6.472171316312369527e-02
8.821675267072350834e-01
-1.565894162978111126e+00
4.448058288694483053e-01
1.050320405873549134e+00
-2.293833463732820377e+00
8.108613047268775631e-01
