-1.141492274035710305e-16
1.941006104693986607e-14
1.458596990536728403e-12
5.416380695914069379e-11
1.617669308161108517e-09
1.465983456246538977e-09
8.355069702184614381e-12
2.408774339548424459e-13
1.017181535936094115e-15
-1.299310946405501341e-17
6.702178346624397012e-15
7.721412473227741029e-13
-2.500479621466697514e-10
-1.645725584501618988e-08
-4.300663639616371148e-07
-2.912580572299262678e-07
-1.869761621189854791e-09
-2.410902739061695308e-11
-1.134214197883811653e-14
4.612957794064127295e-15
5.662628947368246601e-13
-6.925013384735871344e-11
-5.577688850871222649e-09
3.618660750824893094e-06
9.907798247789137403e-05
5.191732517830913629e-05
9.900124791071865155e-08
3.610469870847962577e-09
-6.568101883163471441e-11
7.581681508144249785e-13
2.760091857303608731e-11
-6.474861790422085477e-09
1.133953073342314803e-06
-7.055282893900536667e-05
-3.186241311740834609e-02
-5.150314307354098356e-03
-3.584206891422940527e-05
6.174267267527562471e-07
-6.809010627054303501e-09
-5.479160061250790028e-11
2.855648626471483414e-10
-8.557278976898215361e-08
2.270661754865451604e-05
-5.935712383634834076e-03
9.852324869959379061e-01
9.849164136749926080e-01
-9.722987306795171508e-03
8.147191779799916017e-05
4.615221197460272626e-07
4.639871884724985241e-09
2.196406731175109300e-10
-6.406607589920847628e-08
1.682447642310420469e-05
-3.907626853198703509e-03
9.853182704850730333e-01
9.856022815763388900e-01
-8.320961061752427113e-02
-7.836328282546191348e-03
-4.647366036316506358e-05
1.445402195233184975e-07
-4.990908918086433297e-12
-1.262570390806007265e-10
1.249435545604637617e-07
-1.042037086595852692e-05
-1.651955808542049375e-02
-1.332894255915115581e-02
9.855986687964793935e-01
9.849021109828368647e-01
-5.098817196484120920e-03
5.189806471958161938e-05
1.535778942238564863e-13
-2.719865344886846882e-11
7.482077516365480462e-10
1.003380187746860309e-06
1.234934039073808402e-04
-1.801810739066345493e-02
9.853376461940759334e-01
9.852442906862854954e-01
-3.280208180260720668e-02
1.024801713826031720e-04
8.848298626239013022e-16
3.145711757907492371e-13
-9.364431637894258887e-11
-1.111107343230805968e-08
1.133859710701858723e-06
-3.743756904035834576e-06
-3.916702236530407444e-03
-5.922957548807531065e-03
-6.088563458745698833e-05
3.628228522591774238e-06
-4.847990306545001792e-17
6.530845771078857990e-15
1.223961859714540607e-12
-1.026701886525948623e-10
2.210342086232388811e-11
9.708377230170653602e-08
1.681607655205246722e-05
2.270775245747094979e-05
1.065735569530367542e-06
-6.001139471839952158e-09
