7.145314983492414562e-01 6.491332885755909422e-03 -8.485550552114073212e-06 -6.738617930278363277e-08 6.619621588284612008e-03 7.207514562261253983e-03 1.406234687981756590e-02 -1.165076938656652429e-04 5.896380335480027249e-07 1.503052930675927504e-02 7.700013147355144055e-03 -4.521212438924000808e-04 7.064304193126154206e-08 -6.796190754213391361e-05 1.219859518596780323e-03 3.170483666766176975e-03
6.491332885755909422e-03 9.108597109000167169e-01 1.950416706271386382e-03 1.833332942395566575e-05 1.503879144148110025e-01 1.851902491709394305e-01 3.297186293058976259e-01 4.415478166741535967e-03 -1.986357178455878340e-03 4.928384879265342300e-01 1.802308345140402612e-01 2.681298254667049269e-02 -2.313478488686837860e-05 -1.083553319439705537e-02 -5.559360100808841132e-02 7.353321441265077418e-02
-8.485550552114073212e-06 1.950416706271386382e-03 7.145009598389510108e-01 1.555886726955146459e-06 -2.295045497741496354e-03 -1.010702335614895725e-03 1.303493161950052080e-03 5.521730955812151299e-04 -1.961351274026041508e-04 4.245489372693533013e-03 -1.813915185730959837e-03 -1.619425273453824763e-03 -1.974989814880882758e-06 -6.822137765042122571e-04 -5.316604025406544871e-03 -1.391470267069031073e-03
-6.738617930278363277e-08 1.833332942395566575e-05 1.555886726955146459e-06 7.142857320105194807e-01 -2.270984997037188264e-05 1.813350183448665197e-06 -9.310446442607155624e-05 6.996173389210916244e-06 -1.548316054385525633e-06 7.608259627636966408e-05 -2.741718816848970629e-05 8.941150120609705359e-05 -2.177189389744300169e-08 -7.846912742495253440e-06 -6.307506437036236786e-05 1.900993810837569559e-06
6.619621588284612008e-03 1.503879144148110025e-01 -2.295045497741496354e-03 -2.270984997037188264e-05 9.196155351831292180e-01 1.803008432581879872e-01 4.875368181584075478e-01 -1.147180027018960408e-02 2.257545459324940187e-03 3.724065928769220712e-01 2.423008962577986591e-01 -1.340066701774027258e-01 2.789850285360018285e-05 6.982779310152174498e-03 4.691639856442259698e-02 6.859168163494321069e-02
7.207514562261253983e-03 1.851902491709394305e-01 -1.010702335614895725e-03 1.813350183448665197e-06 1.803008432581879872e-01 1.035046576811785579e+00 2.209459157049163680e-02 1.190185952710040703e-03 -1.226111984033296251e-03 7.795076797037318872e-02 1.587467009973497767e-01 4.679152836403804860e-01 -2.712409732284591854e-06 -4.017142891875257154e-04 4.588537068398713115e-01 2.486493275941059899e-01
1.406234687981756590e-02 3.297186293058976259e-01 1.303493161950052080e-03 -9.310446442607155624e-05 4.875368181584075478e-01 2.209459157049163680e-02 3.748961818185832406e+00 -5.516766642562430378e-02 4.912109392941304935e-03 1.223552065515011611e+00 7.832529306710817041e-01 -2.474045192864043230e+00 1.084638130417221312e-04 2.792666992246127869e-02 -7.031729636351423673e-01 -3.593626452956936168e-01
-1.165076938656652429e-04 4.415478166741535967e-03 5.521730955812151299e-04 6.996173389210916244e-06 -1.147180027018960408e-02 1.190185952710040703e-03 -5.516766642562430378e-02 7.171843972208572504e-01 -6.029458416748297890e-04 1.636756546285498062e-02 -1.539633824361788701e-02 5.084129237120758177e-02 -8.562655459590724679e-06 -2.985597222168887878e-03 -1.489194162494703044e-02 4.019432758445864139e-03
5.896380335480027249e-07 -1.986357178455878340e-03 -1.961351274026041508e-04 -1.548316054385525633e-06 2.257545459324940187e-03 -1.226111984033296251e-03 4.912109392941304935e-03 -6.029458416748297890e-04 7.145001195435076724e-01 2.486690175738974756e-03 2.696039653293689012e-03 -6.742257498513935625e-03 1.969902120199625381e-06 6.203504709773555127e-04 -2.935884193665808800e-03 -1.576030013193953708e-03
1.503052930675927504e-02 4.928384879265342300e-01 4.245489372693533013e-03 7.608259627636966408e-05 3.724065928769220712e-01 7.795076797037318872e-02 1.223552065515011611e+00 1.636756546285498062e-02 2.486690175738974756e-03 3.877399552066413069e+00 5.672932743686794899e-01 -8.053966179642252365e-01 -8.788503593125656255e-05 -5.473132015956783808e-02 -2.155073995887955007e+00 -3.396357065919091700e-01
7.700013147355144055e-03 1.802308345140402612e-01 -1.813915185730959837e-03 -2.741718816848970629e-05 2.423008962577986591e-01 1.587467009973497767e-01 7.832529306710817041e-01 -1.539633824361788701e-02 2.696039653293689012e-03 5.672932743686794899e-01 1.026706476285799141e+00 -4.076993201881617956e-01 3.332565576913261663e-05 7.283091743550665700e-03 -1.163592404449951823e-01 7.370306011906119399e-03
-4.521212438924000808e-04 2.681298254667049269e-02 -1.619425273453824763e-03 8.941150120609705359e-05 -1.340066701774027258e-01 4.679152836403804860e-01 -2.474045192864043230e+00 5.084129237120758177e-02 -6.742257498513935625e-03 -8.053966179642252365e-01 -4.076993201881617956e-01 3.474261986737708696e+00 -1.057338841969880189e-04 -2.835674261192942455e-02 1.208990618978253773e+00 6.653285234778938406e-01
7.064304193126154206e-08 -2.313478488686837860e-05 -1.974989814880882758e-06 -2.177189389744300169e-08 2.789850285360018285e-05 -2.712409732284591854e-06 1.084638130417221312e-04 -8.562655459590724679e-06 1.969902120199625381e-06 -8.788503593125656255e-05 3.332565576913261663e-05 -1.057338841969880189e-04 7.142857410921761296e-01 9.602181109970870989e-06 7.245335543706398309e-05 -2.712126944094984745e-06
-6.796190754213391361e-05 -1.083553319439705537e-02 -6.822137765042122571e-04 -7.846912742495253440e-06 6.982779310152174498e-03 -4.017142891875257154e-04 2.792666992246127869e-02 -2.985597222168887878e-03 6.203504709773555127e-04 -5.473132015956783808e-02 7.283091743550665700e-03 -2.835674261192942455e-02 9.602181109970870989e-06 7.179193900690241659e-01 4.334327402753129777e-02 2.590853059330454344e-03
1.219859518596780323e-03 -5.559360100808841132e-02 -5.316604025406544871e-03 -6.307506437036236786e-05 4.691639856442259698e-02 4.588537068398713115e-01 -7.031729636351423673e-01 -1.489194162494703044e-02 -2.935884193665808800e-03 -2.155073995887955007e+00 -1.163592404449951823e-01 1.208990618978253773e+00 7.245335543706398309e-05 4.334327402753129777e-02 3.014482290730584602e+00 6.318987379725407028e-01
3.170483666766176975e-03 7.353321441265077418e-02 -1.391470267069031073e-03 1.900993810837569559e-06 6.859168163494321069e-02 2.486493275941059899e-01 -3.593626452956936168e-01 4.019432758445864139e-03 -1.576030013193953708e-03 -3.396357065919091700e-01 7.370306011906119399e-03 6.653285234778938406e-01 -2.712126944094984745e-06 2.590853059330454344e-03 6.318987379725407028e-01 9.771157531908803984e-01
