3.387024696964788859e+02 -7.129848243006083521e+02 6.292068990357047369e+02 -2.327865761230613089e+02 -7.129848243004762480e+02 1.500867000286433949e+03 -1.324510478945714794e+03 4.900268256840048480e+02 6.292068990354291600e+02 -1.324510478945355999e+03 1.168876395111652300e+03 -4.324471558500245578e+02 -2.327865761228784436e+02 4.900268256836899354e+02 -4.324471558498572676e+02 1.599917180164034392e+02
-7.129848243005229733e+02 1.679577751966845653e+03 -1.605048147396789091e+03 6.292068990359405234e+02 1.500867000286212715e+03 -3.535591132413273499e+03 3.378702766446905116e+03 -1.324510478946325748e+03 -1.324510478945116802e+03 3.120148223163162584e+03 -2.981694726146482935e+03 1.168876395112306682e+03 4.900268256835871057e+02 -1.154355781825731356e+03 1.103132383652418866e+03 -4.324471558501430763e+02
6.292068990355402320e+02 -1.605048147396589457e+03 1.679577751967467066e+03 -7.129848243010980013e+02 -1.324510478945277100e+03 3.378702766446380792e+03 -3.535591132414911954e+03 1.500867000287723158e+03 1.168876395111188685e+03 -2.981694726145929508e+03 3.120148223164924730e+03 -1.324510478946736157e+03 -4.324471558496588841e+02 1.103132383652183535e+03 -1.154355781826503971e+03 4.900268256842935557e+02
-2.327865761229654709e+02 6.292068990357877283e+02 -7.129848243010258102e+02 3.387024696967819182e+02 4.900268256837548506e+02 -1.324510478945930799e+03 1.500867000287537849e+03 -7.129848243012735338e+02 -4.324471558497612591e+02 1.168876395111894908e+03 -1.324510478946545163e+03 6.292068990362860177e+02 1.599917180162912871e+02 -4.324471558499690786e+02 4.900268256842144297e+02 -2.327865761232534965e+02
-7.129848243004950064e+02 1.500867000286482835e+03 -1.324510478945757086e+03 4.900268256840256527e+02 1.679577751966449114e+03 -3.535591132413128889e+03 3.120148223163927923e+03 -1.154355781826469411e+03 -1.605048147396025570e+03 3.378702766445860561e+03 -2.981694726146347875e+03 1.103132383652784029e+03 6.292068990354495099e+02 -1.324510478945468094e+03 1.168876395111825559e+03 -4.324471558501187474e+02
1.500867000286259326e+03 -3.535591132413391279e+03 3.378702766447017893e+03 -1.324510478946377134e+03 -3.535591132412547267e+03 8.328789062064492100e+03 -7.959207270084900301e+03 3.120148223165534546e+03 3.378702766445234829e+03 -7.959207270082605646e+03 7.606025305250705060e+03 -2.981694726148053178e+03 -1.324510478945195928e+03 3.120148223163509101e+03 -2.981694726146980884e+03 1.168876395112567479e+03
-1.324510478945323939e+03 3.378702766446493115e+03 -3.535591132415024731e+03 1.500867000287772498e+03 3.120148223162788781e+03 -7.959207270083532421e+03 8.328789062068770363e+03 -3.535591132416499477e+03 -2.981694726145132790e+03 7.606025305249251687e+03 -7.959207270087188590e+03 3.378702766449453975e+03 1.168876395111302145e+03 -2.981694726146359244e+03 3.120148223165510899e+03 -1.324510478947033107e+03
4.900268256837724152e+02 -1.324510478945971727e+03 1.500867000287579231e+03 -7.129848243012917237e+02 -1.154355781825811164e+03 3.120148223164489082e+03 -3.535591132416005166e+03 1.679577751968531857e+03 1.103132383652089402e+03 -2.981694726146961784e+03 3.378702766448944203e+03 -1.605048147398254514e+03 -4.324471558498211152e+02 1.168876395112104319e+03 -1.324510478946820513e+03 6.292068990364219871e+02
6.292068990354703146e+02 -1.324510478945461045e+03 1.168876395111760758e+03 -4.324471558500755464e+02 -1.605048147396082641e+03 3.378702766446005626e+03 -2.981694726146501125e+03 1.103132383652857470e+03 1.679577751966577125e+03 -3.535591132413605919e+03 3.120148223164565024e+03 -1.154355781826790917e+03 -7.129848243005463928e+02 1.500867000286736129e+03 -1.324510478946141802e+03 4.900268256842280721e+02
-1.324510478945217983e+03 3.120148223163414968e+03 -2.981694726146743051e+03 1.168876395112427190e+03 3.378702766445368979e+03 -7.959207270082946707e+03 7.606025305251060672e+03 -2.981694726148223708e+03 -3.535591132412921070e+03 8.328789062065801772e+03 -7.959207270086613789e+03 3.120148223166383104e+03 1.500867000286436905e+03 -3.535591132414140702e+03 3.378702766448088823e+03 -1.324510478946928060e+03
1.168876395111285092e+03 -2.981694726146163703e+03 3.120148223165168474e+03 -1.324510478946846888e+03 -2.981694726145255572e+03 7.606025305249557277e+03 -7.959207270087510551e+03 3.378702766449605406e+03 3.120148223163234888e+03 -7.959207270085019445e+03 8.328789062070667569e+03 -3.535591132417427161e+03 -1.324510478945565183e+03 3.378702766447403519e+03 -3.535591132416259825e+03 1.500867000288393911e+03
-4.324471558497950241e+02 1.168876395111975853e+03 -1.324510478946629746e+03 6.292068990363243302e+02 1.103132383652129647e+03 -2.981694726147060464e+03 3.378702766449051069e+03 -1.605048147398304081e+03 -1.154355781826022621e+03 3.120148223165168929e+03 -3.535591132416854180e+03 1.679577751968944085e+03 4.900268256838979255e+02 -1.324510478946411467e+03 1.500867000288154259e+03 -7.129848243015759408e+02
-2.327865761229165287e+02 4.900268256837869103e+02 -4.324471558499589037e+02 1.599917180164491413e+02 6.292068990355265896e+02 -1.324510478945661816e+03 1.168876395112028831e+03 -4.324471558502097537e+02 -7.129848243006009625e+02 1.500867000286871189e+03 -1.324510478946281410e+03 4.900268256842894061e+02 3.387024696965265775e+02 -7.129848243008045756e+02 6.292068990359840654e+02 -2.327865761232049238e+02
4.900268256836773730e+02 -1.154355781825956910e+03 1.103132383652654653e+03 -4.324471558502489756e+02 -1.324510478945374189e+03 3.120148223163952935e+03 -2.981694726147444271e+03 1.168876395112775981e+03 1.500867000286562188e+03 -3.535591132414447657e+03 3.378702766448407147e+03 -1.324510478947067895e+03 -7.129848243006694020e+02 1.679577751967398399e+03 -1.605048147397543289e+03 6.292068990363225112e+02
-4.324471558497426145e+02 1.103132383652389990e+03 -1.154355781826719522e+03 4.900268256843901895e+02 1.168876395111463580e+03 -2.981694726146758967e+03 3.120148223165928812e+03 -1.324510478947220918e+03 -1.324510478945678642e+03 3.378702766447680006e+03 -3.535591132416546770e+03 1.500867000288520558e+03 6.292068990357219036e+02 -1.605048147397229741e+03 1.679577751968309713e+03 -7.129848243015179605e+02
1.599917180163206467e+02 -4.324471558500409287e+02 4.900268256842891788e+02 -2.327865761232872615e+02 -4.324471558498765944e+02 1.168876395112240743e+03 -1.324510478946963531e+03 6.292068990364870160e+02 4.900268256839378296e+02 -1.324510478946508101e+03 1.500867000288254530e+03 -7.129848243016205060e+02 -2.327865761230534929e+02 6.292068990360839962e+02 -7.129848243014060927e+02 3.387024696969688762e+02
