7.416943731504860304e-01 -1.022495674796372184e-01 1.383797417567784321e-02 -1.838476541867958402e-03 -1.022495674796372184e-01 1.409606763681302624e-02 -1.907695306150542034e-03 2.534513379533452908e-04 1.383797417567784321e-02 -1.907695306150542251e-03 2.581784845870407625e-04 -3.430090860861452197e-05 -1.838476541867959052e-03 2.534513379533452908e-04 -3.430090860861454230e-05 4.557127729905286856e-06
-1.022495674796371767e-01 7.557858836595695573e-01 -1.041229618771791349e-01 1.383797417567784148e-02 1.409606763681301930e-02 -1.041922151615499448e-01 1.435433273063296995e-02 -1.907695306150542468e-03 -1.907695306150542251e-03 1.410088294993845637e-02 -1.942647685772795358e-03 2.581784845870406541e-04 2.534513379533450740e-04 -1.873405904214866472e-03 2.580950183940070356e-04 -3.430090860861455585e-05
1.383797417567784668e-02 -1.041229618771791210e-01 7.557858836595695573e-01 -1.022495674796372045e-01 -1.907695306150542251e-03 1.435433273063297169e-02 -1.041922151615499309e-01 1.409606763681302451e-02 2.581784845870406541e-04 -1.942647685772794924e-03 1.410088294993845810e-02 -1.907695306150542468e-03 -3.430090860861452197e-05 2.580950183940069814e-04 -1.873405904214865605e-03 2.534513379533453992e-04
-1.838476541867958836e-03 1.383797417567784148e-02 -1.022495674796372045e-01 7.416943731504861415e-01 2.534513379533451824e-04 -1.907695306150541817e-03 1.409606763681302451e-02 -1.022495674796372184e-01 -3.430090860861452197e-05 2.581784845870407625e-04 -1.907695306150542251e-03 1.383797417567785015e-02 4.557127729905285162e-06 -3.430090860861455585e-05 2.534513379533453992e-04 -1.838476541867959920e-03
-1.022495674796371767e-01 1.409606763681301930e-02 -1.907695306150542034e-03 2.534513379533450740e-04 7.557858836595695573e-01 -1.041922151615499448e-01 1.410088294993845810e-02 -1.873405904214866472e-03 -1.041229618771791349e-01 1.435433273063296995e-02 -1.942647685772795358e-03 2.580950183940069272e-04 1.383797417567784321e-02 -1.907695306150542468e-03 2.581784845870408168e-04 -3.430090860861454907e-05
1.409606763681302451e-02 -1.041922151615499170e-01 1.435433273063296995e-02 -1.907695306150541167e-03 -1.041922151615499170e-01 7.701451198999185177e-01 -1.061012023285617112e-01 1.410088294993845810e-02 1.435433273063297169e-02 -1.061012023285616973e-01 1.461732970148446956e-02 -1.942647685772795358e-03 -1.907695306150541167e-03 1.410088294993845810e-02 -1.942647685772796009e-03 2.581784845870409794e-04
-1.907695306150541817e-03 1.435433273063296822e-02 -1.041922151615499309e-01 1.409606763681301930e-02 1.410088294993845810e-02 -1.061012023285617112e-01 7.701451198999185177e-01 -1.041922151615499448e-01 -1.942647685772794924e-03 1.461732970148446782e-02 -1.061012023285617112e-01 1.435433273063297516e-02 2.581784845870407083e-04 -1.942647685772796009e-03 1.410088294993844943e-02 -1.907695306150543335e-03
2.534513379533450740e-04 -1.907695306150540733e-03 1.409606763681301930e-02 -1.022495674796371767e-01 -1.873405904214866255e-03 1.410088294993845637e-02 -1.041922151615499448e-01 7.557858836595695573e-01 2.580950183940069272e-04 -1.942647685772796009e-03 1.435433273063297689e-02 -1.041229618771791765e-01 -3.430090860861455585e-05 2.581784845870410336e-04 -1.907695306150544419e-03 1.383797417567785536e-02
1.383797417567784668e-02 -1.907695306150542468e-03 2.581784845870406541e-04 -3.430090860861452197e-05 -1.041229618771791210e-01 1.435433273063297169e-02 -1.942647685772795141e-03 2.580950183940069272e-04 7.557858836595695573e-01 -1.041922151615499170e-01 1.410088294993845637e-02 -1.873405904214865605e-03 -1.022495674796372045e-01 1.409606763681302451e-02 -1.907695306150542685e-03 2.534513379533452908e-04
-1.907695306150542034e-03 1.410088294993845810e-02 -1.942647685772795141e-03 2.581784845870407083e-04 1.435433273063296822e-02 -1.061012023285617112e-01 1.461732970148446782e-02 -1.942647685772795792e-03 -1.041922151615499309e-01 7.701451198999184067e-01 -1.061012023285616973e-01 1.410088294993844943e-02 1.409606763681301583e-02 -1.041922151615499448e-01 1.435433273063297689e-02 -1.907695306150543335e-03
2.581784845870405457e-04 -1.942647685772794924e-03 1.410088294993845290e-02 -1.907695306150542251e-03 -1.942647685772794924e-03 1.461732970148447129e-02 -1.061012023285616834e-01 1.435433273063297516e-02 1.410088294993845290e-02 -1.061012023285616834e-01 7.701451198999185177e-01 -1.041922151615499309e-01 -1.907695306150542251e-03 1.435433273063297516e-02 -1.041922151615499309e-01 1.409606763681302451e-02
-3.430090860861450164e-05 2.581784845870405457e-04 -1.907695306150542251e-03 1.383797417567784668e-02 2.580950183940068730e-04 -1.942647685772795792e-03 1.435433273063297516e-02 -1.041229618771791765e-01 -1.873405904214865605e-03 1.410088294993845290e-02 -1.041922151615499309e-01 7.557858836595695573e-01 2.534513379533452908e-04 -1.907695306150543552e-03 1.409606763681303145e-02 -1.022495674796372322e-01
-1.838476541867958836e-03 2.534513379533451824e-04 -3.430090860861451519e-05 4.557127729905284315e-06 1.383797417567784148e-02 -1.907695306150541817e-03 2.581784845870407625e-04 -3.430090860861455585e-05 -1.022495674796372045e-01 1.409606763681302277e-02 -1.907695306150542468e-03 2.534513379533453992e-04 7.416943731504861415e-01 -1.022495674796372184e-01 1.383797417567785015e-02 -1.838476541867959920e-03
2.534513379533451282e-04 -1.873405904214866255e-03 2.580950183940069272e-04 -3.430090860861454907e-05 -1.907695306150541167e-03 1.410088294993845637e-02 -1.942647685772796009e-03 2.581784845870410878e-04 1.409606763681301930e-02 -1.041922151615499448e-01 1.435433273063297689e-02 -1.907695306150543769e-03 -1.022495674796371767e-01 7.557858836595695573e-01 -1.041229618771791765e-01 1.383797417567785536e-02
-3.430090860861450164e-05 2.580950183940068730e-04 -1.873405904214865171e-03 2.534513379533452908e-04 2.581784845870405999e-04 -1.942647685772795792e-03 1.410088294993845290e-02 -1.907695306150543769e-03 -1.907695306150542034e-03 1.435433273063297516e-02 -1.041922151615499309e-01 1.409606763681302798e-02 1.383797417567784668e-02 -1.041229618771791765e-01 7.557858836595695573e-01 -1.022495674796372322e-01
4.557127729905283467e-06 -3.430090860861453552e-05 2.534513379533452908e-04 -1.838476541867959703e-03 -3.430090860861454230e-05 2.581784845870410336e-04 -1.907695306150543552e-03 1.383797417567785536e-02 2.534513379533452908e-04 -1.907695306150543552e-03 1.409606763681302798e-02 -1.022495674796372461e-01 -1.838476541867959703e-03 1.383797417567785536e-02 -1.022495674796372461e-01 7.416943731504864745e-01
